NM_031313,0.00014175074,9.386089e-05,-3.104734e-05,-0.00010641058,5.332833e-05,-9.305988e-05,8.0141726e-05,3.6096637e-05,-5.2594067e-05,3.570779e-05,-0.0001669378,-6.285072e-05,-1.8812532e-05,-1.3539461e-05,6.0601233e-05,5.884349e-05,-9.983959e-05,-1.0367404e-05,6.2338484e-05,-3.1436735e-05,8.606078e-05,9.2438044e-05,-0.00015146253,4.9889968e-05,0.00017155414,5.404204e-05,0.00025378627,7.071339e-06,-0.00018077833,-9.546272e-06,-1.1272458e-05,-4.7902256e-05,-2.241642e-05,0.00039337162,-3.5968937e-05,5.4380776e-05,-9.714696e-06,-9.5828955e-06,0.00010599904,-0.00010254833,-7.5238395e-06,0.00015373458,0.000151131,0.00012553445,0.00016449542,0.00011663208,-0.00014693262,-4.586263e-05,-0.0001407574,-0.00015344599,-0.00016127176,6.521291e-05,-0.00011532277,-0.00015617994,-6.038511e-05,-2.0736137e-05,-1.8979339e-05,-1.6481956e-05,-0.00015153205,-0.00012500706,4.293501e-05,6.609975e-05,0.00017498298,0.00011807994,4.712904e-05,-7.3160413e-06,0.00013871348,1.4738401e-06,0.00018868959,-3.8517464e-05,5.649616e-05,8.919936e-05,7.370961e-05,7.602086e-05,-8.165371e-05,0.00022174779,3.8300852e-05,-3.3288543e-05,1.452323e-06,6.495735e-05,-3.6368983e-05,-1.297534e-06,-3.786028e-05,4.816846e-05,-1.9839328e-05,-3.0733358e-05,-6.755382e-05,0.00014469409,3.5876974e-06,-0.0001478788,4.8468613e-05,-9.488007e-05,0.00024353713,-0.0001505532,-0.00010285633,-0.00012868884,0.00018370964,-5.0115847e-05,-0.00014985786,-9.743182e-06
U92436_1,0.000110783796,0.00013748325,4.281332e-06,0.00016746417,-0.00011473347,-2.6453761e-05,0.00016358467,2.493871e-05,6.721868e-06,-0.0001456763,-2.4391753e-05,0.00018872807,6.2624014e-05,0.00020741565,-6.0470916e-07,0.00011171567,-0.00010598627,-0.00024265815,0.00014663812,0.000110312496,5.302554e-05,-0.00013768776,3.5882342e-06,-7.121866e-05,0.00017909319,3.0980576e-05,-0.00018033582,6.737447e-05,0.00012710391,0.00014301241,-3.1311996e-05,1.4138223e-05,0.00019347166,7.8069905e-05,6.0426806e-05,0.000109403096,-8.73563e-06,4.0878833e-05,-5.7256407e-06,-1.2796313e-05,-0.00011547806,9.18246e-06,0.0001843081,0.00014096659,0.00018394784,-6.023978e-06,0.00016096426,7.12205e-05,0.00011391568,0.00013891881,0.00021055693,-6.5773565e-05,0.00024813786,0.00015041155,0.00012721494,7.603767e-05,8.80404e-05,0.00014353867,0.00013281965,0.00011204773,0.0001785747,2.1973257e-05,-2.5297264e-05,-0.0002677962,-8.0011494e-05,2.4933122e-05,-0.00022876698,1.7517485e-05,-1.06069565e-05,-0.00020538333,0.00029290374,-0.00021031621,8.5464715e-05,8.672177e-06,0.00010748349,3.120915e-05,-8.3522085e-05,6.296012e-05,3.194826e-05,-0.00014217653,8.993153e-05,-8.989565e-05,0.000117013136,-4.1969874e-05,-7.229251e-05,-1.2001583e-05,0.00018974156,-8.565288e-05,8.5107866e-05,0.00033828712,8.8052395e-05,-1.7348171e-05,-0.00011034917,-0.00019072165,-0.00012642134,-0.00017655335,-5.817372e-06,7.740074e-05,-0.00013225255,-2.4093966e-05
AH001498_1,6.2468034e-06,-2.65412e-05,-5.2860003e-05,4.4676435e-05,9.895952e-05,3.726375e-05,1.0915338e-05,0.00010500015,0.00011889756,9.627123e-06,0.00021962465,0.00019075269,3.0156785e-05,-7.440197e-05,6.226571e-05,9.6592776e-05,8.775406e-06,4.9467453e-05,0.0001915495,4.1325766e-05,-3.3643624e-05,9.847983e-05,-6.943617e-05,1.9639354e-05,3.1297775e-05,0.00029176776,0.00011969951,7.212997e-05,-5.5493845e-05,-5.2481788e-05,-3.4127253e-05,-0.0002467374,0.00011434493,8.0805556e-05,-9.3363076e-07,-0.000112021626,0.00017570515,3.3277895e-05,-2.022113e-05,-3.346786e-05,6.5878645e-05,-0.00012764028,7.501549e-05,-0.00018007826,-3.615477e-05,0.00021381225,9.5557334e-05,-3.382034e-06,5.988889e-05,9.037925e-05,7.048865e-05,6.823478e-05,-2.472778e-05,5.556527e-06,9.736016e-05,3.5230394e-05,-4.3031964e-06,8.561739e-05,-7.392642e-05,-3.8154953e-06,9.421109e-05,0.0001129776,-1.2384124e-05,9.6491676e-05,1.9359752e-05,-4.9359718e-05,2.4129708e-05,0.00016978379,-1.5955367e-05,0.00011917654,0.0001785248,0.00048752557,-3.202298e-05,0.00017740816,-3.9569945e-06,1.7914415e-05,8.870507e-06,0.00011705179,0.00016967051,0.000202314,0.00037920102,6.5931763e-06,-3.262751e-06,0.0001406766,0.00012233006,-0.00017980908,-0.00012985559,0.0003848615,3.091405e-05,-6.830383e-05,-0.00018146282,0.00023850209,9.7717704e-05,0.0002112193,-1.4534385e-05,-2.5831773e-06,5.300593e-05,-0.00010258289,8.542596e-05,0.00034996693
NM_001632,0.00017974181,-0.000109814224,0.00025670955,9.654953e-05,3.9967585e-05,-8.003652e-05,-3.36224e-05,-7.785524e-05,-0.00015583323,4.484374e-05,-8.99856e-05,0.00011341046,-3.8131915e-05,-0.00014407742,0.00012625648,-0.00015479191,3.9371593e-05,-0.0001297187,0.00021953454,-0.000117312025,0.00025101128,7.63847e-05,-2.9510817e-05,0.00012175797,-9.259595e-05,-3.490282e-05,0.0001358442,5.255079e-05,-0.00019510361,3.2932396e-05,-7.472907e-05,-0.00010261965,4.4805744e-05,0.00022724312,6.964754e-05,-0.00020618032,0.00023120512,3.7422017e-06,7.890938e-05,-3.1024127e-05,0.00017602889,-3.4289496e-05,6.441607e-05,4.532581e-05,-6.905743e-05,5.488668e-05,9.898561e-05,-0.00010835051,-5.8740297e-05,-3.7334663e-05,-3.7276684e-05,0.00017307524,9.795777e-05,1.9087032e-05,-0.0002226404,0.0001701504,-0.00011629069,0.00010394885,-4.93288e-05,0.0001605734,-0.00010424682,9.644112e-05,-5.1517938e-05,3.8265578e-05,0.00022219369,-0.00014714262,0.00018360226,-7.7374374e-05,0.00013637063,8.417365e-06,-0.00011790018,6.9497623e-06,0.00013191217,6.5771485e-05,0.00021254885,0.0002961535,-2.743291e-05,5.784279e-06,6.70796e-05,0.00019519925,-1.962804e-05,5.6794506e-05,5.5011187e-05,-0.00011793229,-0.00012048501,4.9891045e-05,-8.862376e-05,-0.00030764588,-2.4777937e-05,-1.0067427e-05,-8.0969396e-05,-5.7733763e-05,9.363167e-05,-7.480931e-06,7.0295384e-05,0.00033060648,-0.00012913426,-0.00018592349,3.4814155e-05,5.3544718e-05
XM_371822_2,1.20149625e-05,0.00012325039,9.984489e-07,2.1779979e-05,0.00021400493,-1.4786727e-05,0.00010198519,0.00011679365,4.7129306e-05,-4.0783543e-05,0.00027906033,5.260615e-05,4.8111393e-05,4.3477427e-05,-8.915614e-06,3.033794e-05,0.00023736026,4.4926717e-05,-1.9660049e-05,0.00015339706,-1.7646773e-05,7.497312e-05,-1.1136405e-06,8.591181e-05,-4.8755737e-05,8.386459e-05,-1.8323166e-06,-1.2453696e-05,-0.00012459046,1.6065202e-05,-0.00014236639,5.856781e-05,0.00016545979,-2.0353657e-05,-3.441381e-05,-8.1753686e-05,0.0002175463,-4.961365e-05,0.00010777954,3.6586396e-05,4.9322894e-06,-5.8324214e-05,0.00018563401,-1.9118654e-05,-0.00013616806,6.071883e-05,9.034179e-06,-0.00011708923,9.961391e-05,0.00022102126,0.00012505738,-9.4422885e-06,8.775889e-06,2.2104676e-05,-9.266111e-06,1.5458983e-05,-0.00019528333,1.6160739e-05,3.366953e-05,-0.00010796585,-8.524541e-06,0.00016185935,-2.5268573e-05,0.00013690283,-7.238463e-05,4.1600124e-05,0.00024451938,-2.9761186e-05,0.0001181468,7.526089e-05,4.632969e-05,-0.0001459459,-8.257409e-05,-1.02907364e-07,2.6174683e-05,-0.00018851575,-2.9025674e-05,0.000237675,-1.1242121e-05,5.267593e-05,-0.0002084402,-0.000119701894,-7.3918876e-05,-8.112492e-05,5.0696923e-05,-2.553547e-05,0.0002444916,8.778824e-05,0.00018022997,5.715763e-05,0.00022028865,2.6007496e-05,9.2431364e-05,1.1226008e-05,0.000318641,-0.00012721278,0.00014907168,-7.649117e-05,-0.00011258139,0.0003009764
X75932,6.17641e-05,7.374574e-05,2.2435454e-05,-8.946519e-05,-4.4810025e-05,0.0001835381,-5.795797e-05,-8.3476494e-05,-0.00014235,-0.00012233565,-4.220121e-05,-0.00014499301,7.209272e-06,5.7203048e-05,5.110036e-06,-3.3732806e-05,3.8655413e-05,-9.438568e-05,0.0001389726,9.4386014e-05,5.3135285e-05,-1.7452878e-05,3.180654e-05,0.00010927659,5.5557502e-05,2.0824093e-05,-0.00018745354,6.781683e-05,-6.5007676e-05,-0.00014541624,-3.3841126e-05,0.00010953811,0.00010411076,6.770844e-05,7.470003e-05,0.00021416087,6.3587315e-05,0.00020371526,0.0001377878,7.047859e-05,0.00012944313,-2.0797766e-05,-5.313362e-05,1.6219268e-05,0.00012396996,0.000113822905,7.036943e-05,2.3885916e-05,4.145808e-05,3.614207e-05,-4.5752397e-05,9.683469e-05,-2.4689172e-05,0.00017696299,-6.626554e-05,0.0001383736,-7.203982e-07,-0.00014361885,5.355477e-06,-3.222432e-05,-5.687937e-05,-7.438432e-05,-0.00012658162,0.00010546385,-7.387084e-05,0.00024960827,-0.00013107977,-2.623159e-06,-3.415284e-05,-0.00014015555,0.000105507155,5.3546253e-05,-0.00015118656,3.892349e-06,8.8658606e-05,0.0001601347,0.00010805958,7.161645e-05,2.3833205e-05,8.546904e-05,-2.6885833e-05,2.416567e-05,5.3444808e-05,0.00013395288,-0.00013840938,-0.00012130731,-9.363622e-06,-3.3459186e-05,0.00015848599,-3.532742e-05,0.00021123521,-0.00012235103,7.589363e-05,-8.786479e-05,-0.00011906853,5.443165e-05,2.4594618e-05,7.599477e-05,-2.482811e-05,-3.092154e-05
U92436_2,3.092442e-05,0.00018160846,1.7231516e-06,7.1533075e-05,0.00011852742,0.00014090519,7.2890274e-05,0.00012048165,6.8667534e-05,1.0178934e-06,6.926324e-05,-1.3620139e-05,0.00025525445,-1.1246614e-05,5.8803053e-05,5.628941e-05,-3.7857684e-05,9.910814e-07,0.00017356046,-5.5437064e-05,3.5428848e-06,0.00012186217,0.00016500265,0.00011054854,-2.7834667e-05,7.3220894e-05,0.00018657127,0.00017541782,-9.353936e-05,8.744065e-05,3.4199034e-05,-4.692808e-06,0.00016385116,-7.474494e-05,-8.995412e-05,0.00019983106,-5.2260653e-05,2.413147e-05,0.00025910063,7.8023055e-05,2.459525e-05,-8.926901e-06,0.00016161443,0.00021842064,0.00021930176,-4.569836e-05,-3.3457392e-05,0.00018544491,9.618863e-05,7.620243e-05,0.00017256194,-0.0002607501,0.00010018331,-6.300635e-05,-0.00016567709,1.7789785e-05,1.323583e-05,2.3609984e-05,-7.8408746e-05,-0.00012186923,-4.9829825e-05,-0.00010489128,0.0002792852,-0.00018443476,0.00013054043,0.0002827848,0.00013816025,0.00030701188,1.9730402e-05,-0.00016260463,0.00021827537,-0.00037136924,0.00032483082,0.00012919,0.00018554484,0.00013449398,6.805952e-05,0.0003234953,0.00024756667,-7.377533e-05,0.00011453268,7.05711e-06,-0.0002086507,5.706923e-05,-3.695718e-05,6.335917e-05,0.00016788754,5.2442965e-06,-8.749341e-05,-0.00011660975,-0.00016713268,9.3846196e-05,-6.7198256e-05,9.045479e-05,-0.00025106667,1.7245493e-05,0.00021002098,-0.00035975288,9.7829296e-05,2.4674568e-05
AH001498_2,4.0539115e-05,4.007309e-05,0.000107030246,5.1718624e-05,0.0001253061,9.213546e-05,2.405787e-05,5.010607e-07,2.83456e-05,-0.00010007043,0.00021097246,-0.00012337965,-5.003432e-05,-4.531375e-05,-0.00018514952,-6.8963e-05,-2.3025548e-05,3.48204e-05,3.4928387e-05,0.00011456537,0.0001771184,9.8586526e-05,-7.462147e-05,0.00017973992,-5.5626064e-05,6.9909365e-05,-1.1816541e-05,-0.00014974545,-9.897832e-05,-8.071621e-05,-5.0662347e-05,9.968797e-05,-6.347838e-05,-1.3115245e-05,0.00017193983,7.862729e-05,6.614088e-05,0.00017918368,-2.7555841e-05,3.3356482e-05,2.1606804e-05,1.4248235e-05,5.5958404e-05,3.312985e-05,-0.0001587973,8.187197e-05,5.4771772e-05,5.7734596e-05,-6.983509e-05,0.0001123203,-0.00016482254,7.515299e-05,-4.964822e-05,8.267196e-05,6.153063e-05,-0.0002439459,5.394102e-06,0.0001486829,-4.335965e-05,0.00012234728,0.00025022955,5.1687457e-05,4.6448764e-05,-0.00016711901,-0.00013132159,-6.999256e-05,2.3330818e-05,-8.5963824e-05,-7.720349e-05,-3.6284073e-05,7.702419e-06,0.00012899606,3.367344e-05,-2.7236558e-05,-2.912035e-05,1.5875154e-05,-5.186291e-05,1.1347797e-05,-2.8907905e-06,-0.00015666883,0.000113628,4.4551904e-05,-0.00011236187,-0.00029135623,-8.1054925e-05,-1.0715594e-05,4.4991917e-05,0.00015227335,0.00015644365,6.475033e-05,-2.8758644e-05,7.038991e-05,-1.6861726e-05,-0.00017405693,-3.338774e-06,-1.1095239e-05,8.32983e-06,-0.00012092531,4.6098486e-07,-3.0316074e-05
NM_015213_1,9.013822e-05,0.0002137052,-2.186209e-05,9.531949e-06,1.764526e-05,0.00016373703,0.00013574027,3.8242208e-05,9.047285e-05,2.7555709e-05,0.0001243878,-6.264189e-05,-0.00020497233,6.978469e-05,-5.3302796e-05,0.00014039165,0.00010531136,-6.2441926e-05,5.6204437e-05,0.00015869296,0.00032449097,1.7508573e-05,-2.7583661e-05,0.0001328169,8.33356e-05,-0.0001472578,-0.00010347383,0.0001298519,-6.345713e-05,0.000112752066,3.7093116e-05,2.7648366e-05,-0.00012340234,1.5322894e-06,-2.870775e-05,8.9998735e-05,9.24262e-05,-4.3797565e-05,0.00028419922,7.21873e-05,-0.000100850964,-0.0001371808,-4.6000056e-05,-9.5897616e-05,5.5313463e-05,-8.2284416e-05,0.00016542948,0.00022678818,8.477253e-05,0.00022418608,-4.3855718e-05,5.1334828e-05,-4.3148557e-05,5.1088213e-05,1.5097835e-05,-4.493794e-05,0.00017368667,1.5135383e-05,0.00014995222,2.2621636e-05,-8.1474376e-05,-0.0001864003,0.00013406064,7.055014e-06,0.00015919922,0.00023723913,2.1745636e-05,-8.178356e-05,0.00012078183,-0.00022503198,-0.0001587426,1.805972e-05,0.00010691373,0.00014918008,4.8026024e-05,0.00019981776,0.00013479787,3.511272e-06,1.8466473e-05,0.00015276652,0.00012860811,2.8572493e-05,-0.00011511844,6.1639475e-05,5.2230334e-05,-0.00015752703,8.8472465e-05,0.00017168737,3.7453324e-06,1.6886344e-07,-1.3458919e-05,-3.8657487e-05,-9.525349e-05,-5.6719986e-05,1.9463825e-05,-0.00015960175,-6.191136e-05,0.00016664999,9.994852e-05,-4.109489e-05
U47298,0.00016551027,2.0569456e-05,2.6499678e-05,0.00011228257,0.00013710554,-0.00018399523,-0.00016953226,-8.818957e-05,-5.6522902e-05,0.00011167372,-0.00010847466,-0.00012896092,6.596415e-05,-0.00013071107,0.000212672,-1.1943691e-05,0.00015206428,0.0001610908,-9.1485235e-05,6.1584747e-06,3.9248265e-05,0.00024698052,1.956931e-06,-9.919869e-07,0.00014872312,-5.1462073e-05,0.00011266369,2.0736694e-05,-0.00015599387,-2.2577406e-05,1.9519033e-05,5.273854e-06,0.00022636214,-0.00010954825,0.00011321822,5.207913e-06,8.731622e-05,0.00015204157,0.0002244762,0.00017447391,1.3081572e-05,0.00010258966,-2.0441364e-06,-9.111434e-05,-3.1824697e-05,-0.00011975156,0.00013348568,5.056419e-05,0.00015150671,4.6002464e-05,4.337534e-05,-5.874627e-05,5.6258898e-05,-1.7911423e-05,2.1442643e-06,7.881022e-05,1.1743769e-05,-3.0022695e-05,3.8627157e-05,-8.647856e-06,0.00014559171,0.00020428633,0.00031428706,-2.5814592e-05,-1.1648037e-05,-2.1668797e-05,9.173824e-05,-0.0001228475,5.1981653e-05,0.0002199885,-6.9492125e-05,-7.187747e-06,0.000117679774,5.290169e-05,-2.2844366e-05,0.00015790232,0.000118455195,-9.96889e-05,-4.382172e-05,0.00012537588,0.0001174538,-0.00010261153,9.84622e-07,0.00012301734,-0.00014843348,-2.9656276e-05,-9.9538694e-05,0.00016999293,4.062119e-06,-4.2728916e-05,6.430212e-06,0.0001796471,-2.777313e-05,8.091045e-05,0.00019989668,-6.618843e-05,0.00016145948,-3.230281e-05,0.00020000263,2.078741e-05
XM_371822_1,-3.2948383e-06,0.00019795069,-1.8062046e-05,1.2897394e-05,3.823967e-05,3.8369904e-05,-1.5546495e-05,6.2225045e-05,0.00013022707,0.00015686064,0.00011127112,0.00010713102,1.730231e-05,0.00021994812,0.00012761752,-0.00017325002,-0.00012686031,-2.4642164e-05,-0.00016829326,-0.00016117093,6.0516883e-05,-4.708992e-05,3.0170017e-05,0.00024868042,7.480102e-05,-0.00013657889,0.00016653647,-9.630411e-05,-0.0001521315,5.893779e-05,-9.853921e-05,6.065181e-05,0.00014708891,-6.8104244e-05,-5.7616082e-05,-7.6745204e-07,6.8848594e-06,-3.8473783e-05,-0.0001936064,7.955517e-05,6.770744e-05,0.0003129817,0.00012564033,-5.661094e-05,0.00012321776,0.00011760831,-0.00010554714,-5.52204e-06,-0.00012155935,-6.094853e-05,-0.00012159834,-0.00012528234,0.00023764664,0.00018390444,-4.0034705e-05,4.765156e-05,-1.12552525e-05,3.4591343e-05,3.7756625e-05,-4.6122244e-05,-8.5912994e-05,0.00014656327,-0.00014410769,2.3895147e-05,-0.000106304615,-0.00013352092,-3.6060796e-05,0.00018839557,-0.00015142972,1.5512072e-05,0.00014726647,0.00014990628,1.3597776e-05,-0.00022760646,0.00015110247,0.00019147349,0.00021970291,0.00022431104,9.116164e-05,5.3994176e-05,-0.00015202058,0.00033443063,-0.00018653508,-0.00016207804,-0.00031431185,1.4567196e-05,8.015695e-05,1.6728618e-06,-8.620656e-05,0.00030369172,-4.7193435e-06,0.0001776686,0.00043826428,-0.00016113334,4.9962706e-05,0.00030149776,-2.9581368e-05,-9.3886876e-05,0.000116335104,-0.00010546484
U47296,0.00017308243,3.3925447e-05,3.006853e-05,0.00019487692,-0.00017289382,0.00017206492,0.0001442657,-3.741893e-05,-0.00012710593,3.7977486e-05,-8.9714646e-05,0.00011383314,-0.00022684029,9.434889e-05,-0.00014515567,-0.00011644242,-5.1095365e-05,-0.00015139472,6.8818925e-05,9.963477e-05,-5.4070373e-05,-3.1500265e-05,3.1417753e-06,7.818093e-06,9.1388334e-05,3.2417007e-05,3.3283308e-05,0.000102767895,0.00015317173,-3.6005593e-05,-6.473752e-05,1.5246207e-05,-2.9802873e-06,-0.00011232289,4.113299e-05,-0.00024910044,-4.1120482e-05,-1.2777668e-05,7.823697e-05,0.000100686055,0.00026120216,3.3955657e-05,4.0570558e-05,4.7220892e-05,-1.0458532e-05,-1.4900534e-05,-7.932766e-05,2.4143736e-05,2.7521393e-05,-0.0001245931,-0.00014624286,2.0579342e-05,-0.00011131611,0.00020310296,-0.00017826671,0.00015525053,-7.99411e-06,8.094568e-05,1.1954254e-05,-1.9976986e-05,0.00018629193,-2.8457674e-05,-6.2984815e-05,-8.6706046e-07,9.783528e-05,2.3381828e-05,0.000116023795,9.5201096e-05,6.216652e-05,-6.213205e-05,0.00020768197,1.2491924e-05,3.9333365e-05,-2.819102e-05,-0.00012445165,1.08944605e-05,-6.892125e-05,-9.222771e-05,0.00013729725,5.8603888e-05,-1.3669503e-06,-0.00028720728,-0.00011261512,-7.8826175e-05,4.9786468e-05,0.00010766598,-9.4787094e-05,3.8877166e-05,2.302128e-05,0.00014704643,3.3208675e-05,0.00010256378,-0.00012552342,-0.00026731918,-3.564269e-05,0.00019780578,0.00012062539,2.409482e-05,-0.00013025072,-7.674863e-05
NM_015213_2,0.00016972209,-7.396978e-05,-7.505873e-05,6.1348816e-05,0.00014408203,7.066399e-05,7.279408e-05,0.00014637808,5.159298e-05,0.00015728557,-0.00010921207,-0.00015720636,-4.4064913e-05,0.00014989266,7.784513e-05,-5.003927e-05,-2.3494436e-05,3.0471268e-05,-8.532282e-05,0.00014940569,8.760439e-05,9.638138e-05,-6.8214376e-06,-5.4453063e-05,9.826665e-05,3.8452123e-05,4.140108e-07,-4.6474266e-05,-8.69185e-05,2.6340958e-05,-1.0334737e-05,-1.21390585e-05,5.1698124e-05,5.655531e-05,3.1581716e-05,0.00013550748,0.00020569772,1.9836403e-05,-0.00017698387,0.00017257755,0.00020480587,4.5642988e-05,-9.889468e-05,0.00020417501,-4.564121e-05,-0.00010902595,-0.00014281167,-7.652664e-06,0.00016673222,2.0216788e-05,-2.4716272e-05,-6.1261315e-05,6.8659196e-05,2.0905438e-05,-4.4403216e-05,6.884137e-05,-7.890512e-07,-4.481462e-05,-1.263388e-06,-0.00011736538,0.00014636488,-0.00021259119,9.4532705e-05,0.00016255108,-0.0001385746,6.354808e-06,-1.6726826e-05,-3.1530035e-06,-6.7278775e-06,8.104862e-05,1.1488615e-05,0.00025269022,-3.0511948e-05,-7.8839213e-07,0.00012223817,0.0002680427,2.2738255e-05,7.0704846e-05,-1.1489132e-05,0.00029555548,0.00017438114,0.00020851585,1.526661e-05,-9.067035e-06,-0.0002204061,-2.0499792e-05,-6.337448e-05,5.347556e-05,-0.0001544977,3.928994e-05,-4.7300204e-05,-8.343318e-05,-0.0001535167,6.816203e-08,7.398405e-06,8.341769e-05,6.9314265e-05,8.397474e-05,3.8557133e-05,3.540643e-05
NM_015213_3,0.00015034508,-3.3191383e-05,5.312664e-05,2.7514136e-06,-0.00019105068,0.00010441064,1.924975e-05,5.6393998e-05,0.00013880749,0.00014209055,2.2323797e-05,-3.777887e-05,7.597611e-05,-6.492683e-05,0.0001331036,5.3573865e-05,-2.1507518e-05,9.934482e-05,7.1473485e-05,6.6809545e-05,-7.7991164e-05,0.0001321666,0.00027582684,0.0001797317,-5.755874e-05,0.00020592604,-0.00020861889,-6.978962e-05,0.00020910012,-0.0001402629,9.409883e-05,4.4657543e-05,-0.00021912532,-0.00011633427,-1.0717536e-05,0.00011827705,3.860579e-05,0.00010679774,-1.5922333e-05,9.75764e-05,7.651836e-05,0.00010944434,3.662518e-05,0.00014826622,5.15867e-05,8.581199e-05,9.856498e-05,8.1307546e-05,-5.4830584e-06,0.00012618916,-9.4540395e-05,-0.0001294139,-9.624313e-05,-0.00013689291,0.00014894686,-3.8414342e-05,-0.0001110395,6.397667e-05,9.1045295e-05,6.3207444e-05,1.0411324e-05,8.1798105e-05,-7.153356e-05,-5.271112e-05,0.00021714388,9.895396e-05,0.00028057976,0.00019663274,0.00018992572,0.00017503144,0.00012804264,4.7821846e-05,-8.443404e-05,-0.0001046714,-1.5137443e-06,-0.0002822977,-0.00011047386,1.54114e-05,4.2928456e-05,-2.9509483e-05,-5.4820215e-05,-1.376356e-05,-4.042299e-06,-6.244414e-05,9.060627e-05,-5.0764786e-05,-0.00021874375,-6.623358e-05,0.00019348571,-2.4402243e-05,-1.6194228e-05,2.4427666e-06,2.0633475e-05,4.256895e-05,-0.00018568333,0.00010291416,-7.9733945e-05,-0.00014021403,3.473301e-05,0.00012967462
AH001498_3,-8.782035e-05,2.8093351e-05,0.0002738978,3.394683e-05,1.51436825e-05,8.235022e-05,1.1665798e-05,0.0001824652,7.42363e-05,-0.00013862997,0.00015970135,-0.00019323258,3.4796325e-05,0.0001750743,2.6076323e-05,4.9867987e-05,5.814624e-05,8.877544e-05,-5.1959018e-05,-0.00010608578,-3.9380197e-05,6.318645e-05,-5.0687195e-05,0.00013031739,0.0001291598,-2.3763918e-05,1.0836019e-06,0.00011173427,-5.5031862e-05,8.2025224e-05,-4.2688735e-06,-5.0887966e-06,-3.828656e-05,5.1579085e-05,2.073484e-05,9.1299444e-05,0.00025133937,-3.314117e-05,-0.000114830065,-5.0344825e-05,-4.522233e-05,-2.6635518e-05,-1.1641008e-05,0.00019641987,-6.814232e-05,-6.853453e-05,0.00016588827,-0.0002474232,-9.416727e-05,-7.034442e-05,3.479066e-05,0.00015793438,2.1260477e-05,0.00027160632,3.1119707e-05,0.000101599035,-0.0001495138,0.00016096649,7.001223e-05,0.00013893016,0.0001378531,-3.9951115e-06,-7.4991935e-05,0.00029801676,-9.9197634e-05,1.6450513e-05,-7.6369586e-05,-6.747497e-05,-0.00011794908,-1.2576034e-05,0.0001370227,0.00016342809,1.3149417e-05,-3.0268418e-05,0.00015380535,0.00017504972,9.329034e-05,-4.9207574e-05,-4.8749076e-05,6.4736436e-05,-1.6149097e-05,7.1140304e-05,-3.300799e-05,-1.9874693e-05,5.111744e-05,0.00010195898,0.00012178865,-1.21372395e-05,6.694375e-05,-3.33785e-05,1.184448e-05,-0.00010674608,-0.00017468327,9.292262e-05,1.3695134e-05,0.00014619042,-0.000108869965,0.00016352264,-0.00015930184,-3.5518427e-05
J03132_2,2.1088068e-05,6.812337e-05,1.8081246e-05,-1.961157e-05,5.4333184e-05,1.3090465e-05,0.00013590412,-3.161274e-05,-2.5865691e-05,-2.3894101e-05,-2.237258e-05,-0.00011335058,-0.00013626876,3.7767084e-05,-9.4605064e-05,6.917052e-05,4.527012e-05,3.872023e-05,0.00036834116,-0.00017943987,-0.000116408686,9.847242e-05,-5.2721665e-05,0.00013505251,-6.880697e-05,-0.00014931703,8.731512e-05,0.00010563542,3.3853157e-05,0.0001843681,-0.00011110943,-0.00019444666,0.0001074427,-7.352619e-07,-6.864485e-05,7.916753e-05,1.8784755e-05,-6.302884e-05,-0.00013226832,7.033068e-05,-9.430606e-05,-4.21186e-05,-0.000111328096,3.6807796e-05,0.00014907177,-8.388136e-05,7.544708e-05,-9.52122e-06,0.0001526839,-7.353643e-05,-4.0735486e-05,6.9209746e-05,-1.3379348e-05,0.00022362728,6.103313e-05,9.028563e-05,9.0896916e-05,2.382771e-05,0.00023643304,3.0505962e-05,4.156934e-05,-5.420559e-05,5.5972996e-05,1.925819e-05,-0.00010276543,1.9079342e-05,-5.9268725e-05,-5.949966e-06,8.122804e-05,-7.9106394e-05,-0.00016297842,0.00012011017,9.933181e-05,8.340139e-05,-8.499231e-05,4.3934167e-05,-3.6929203e-05,-0.00018302574,-9.030571e-05,-0.00010427664,-0.00017966681,-0.00022525132,1.4390219e-05,0.00028393965,6.209176e-05,-1.4938964e-05,0.00013510109,0.00018180672,-4.8138238e-05,4.4908284e-05,-9.765003e-05,4.0434024e-05,6.231513e-05,-1.4653823e-05,0.00012812876,7.9176265e-05,-4.5905817e-05,4.6586913e-05,-6.2814106e-05,4.7948866e-05
J03132_1,-5.4312615e-05,-0.00012448605,1.855512e-05,8.938532e-05,6.922551e-05,2.1820915e-05,8.634197e-05,-3.0724197e-05,5.1759493e-05,1.1462926e-05,0.00017513504,0.00028895843,1.6604088e-05,-3.4932487e-05,-8.335041e-05,-8.621371e-05,4.0726787e-05,2.0760976e-05,0.00016549749,0.00017208747,0.000142527,-5.048995e-05,0.00010594037,5.4045624e-05,6.688884e-05,-8.729918e-06,-6.4151536e-05,-0.00012910525,-7.035203e-05,0.00012783101,3.0526986e-05,2.0761501e-05,0.00024902448,-5.0715207e-06,0.00017208658,-1.0826996e-05,-8.4790074e-05,-2.130183e-05,8.712991e-05,1.2343744e-05,-3.3289503e-05,-0.00024047596,2.4293757e-05,6.510295e-05,-0.00011838081,8.64598e-05,-8.544249e-05,6.6178177e-06,-1.8879537e-05,0.00012929119,-4.606055e-05,-4.5210596e-05,7.209008e-05,-1.869701e-05,8.1118915e-06,7.709681e-05,7.22719e-05,5.2221283e-05,-5.1010855e-05,9.70975e-05,0.00013627835,3.9392353e-06,0.00010013771,-4.401492e-05,4.1403655e-05,-0.00011264526,-0.00013704872,0.00012342668,-0.00019398454,-4.053069e-05,0.00012879964,-0.0001377,-1.244949e-05,-8.514182e-05,-2.6253942e-05,-8.381291e-05,-6.597093e-05,-0.000113651884,0.00012269872,-1.50064125e-05,9.291874e-05,8.402325e-05,0.00010684902,-6.683724e-05,0.00014436012,0.00016779167,7.3100455e-05,-9.9132194e-05,4.380243e-05,5.4526878e-05,-1.1144289e-05,0.00022980552,-5.2573298e-05,-1.6863334e-05,4.758468e-05,9.66064e-05,-3.8065064e-05,0.0001101623,-0.00020480833,0.00011166654
