K03455_4,0.00020476847,1.8672064e-05,0.00013312986,1.7877519e-05,5.571633e-05,0.00016250365,3.1413392e-06,-3.943848e-06,1.5496342e-05,2.8955397e-05,0.0002093827,0.00019902873,0.00013597221,6.1426067e-06,6.0980758e-05,2.621869e-05,0.00012826911,5.5151188e-05,2.6353859e-05,0.00015875678,-0.000109518594,0.00012250696,-6.962204e-06,2.7457232e-05,0.00010215749,6.723851e-05,-4.3317017e-05,0.00017983938,3.5557765e-05,7.0711656e-05,0.00021527274,0.00013476002,6.614315e-05,8.569809e-05,3.1001513e-05,3.7011247e-05,2.0200976e-06,0.00011852197,0.00015514165,0.0001669293,0.0001603214,8.585506e-05,7.2001756e-05,-4.4530498e-05,-3.6276917e-05,6.5168635e-05,-9.467778e-05,0.00029165196,-2.691926e-05,-4.565162e-05,8.106199e-05,-1.0793635e-05,6.0802206e-05,2.7919434e-06,0.00015599771,0.00014491766,-0.00015106148,5.6006676e-05,0.0001560655,-4.3377826e-05,2.423004e-05,-0.00012920142,0.00020882988,2.7652548e-05,0.00025679093,-0.0002096333,-1.45048525e-05,0.00019655467,-8.670321e-05,-1.6548205e-05,0.00014067034,0.00025948405,6.467958e-05,0.00016356178,-4.7065336e-05,-9.4121475e-05,0.00015050005,3.384149e-05,2.320143e-05,5.3829153e-06,-0.0001176126,-1.09860375e-05,0.0002773956,0.000108744876,9.94678e-05,0.00011063455,1.3040349e-05,3.951279e-05,0.00024969334,0.00015796087,-6.2370156e-05,3.0176952e-08,3.9442675e-05,5.692737e-05,-8.311213e-05,1.6016696e-05,6.8955436e-05,9.506149e-05,-7.8185e-05,0.00028403176
AF324493_5,0.00016568729,-3.0239436e-05,-4.473067e-06,0.0002369425,0.00011626751,0.0001750604,0.00012318646,0.000115920266,0.00015610052,9.0994195e-05,1.7070088e-05,0.00012623971,3.6997764e-07,4.388987e-05,0.00016256802,9.4176634e-05,6.400745e-05,0.00012527012,9.340695e-05,0.00017094592,0.00014999481,0.000225785,5.527973e-06,1.0878897e-05,0.00022109796,4.8005022e-05,-3.3906123e-05,9.141838e-05,-1.8380641e-06,0.00015691682,6.257598e-05,4.289894e-05,7.024869e-06,4.4808632e-05,7.427787e-05,2.225073e-05,0.00011735905,8.898362e-05,0.00013227866,-4.8496586e-05,0.00019825503,0.00011349148,9.973407e-05,4.3309494e-05,1.7499895e-05,5.065001e-05,-2.6649202e-06,6.905861e-05,4.1522006e-05,2.5368863e-05,0.00011886025,7.524553e-05,6.269469e-05,0.00010765287,5.964923e-05,9.620153e-05,0.0002407933,1.737842e-05,0.00012086703,-4.2911874e-05,0.0001683635,4.4379292e-05,0.00028399847,-5.8114205e-05,0.00023762671,7.282254e-05,-0.00020807482,-6.813037e-05,0.0001968569,5.648978e-05,0.00025303315,0.00010636257,-1.748223e-05,-5.973832e-05,1.653025e-05,4.2103038e-05,2.8530817e-06,8.495105e-06,-0.00013206022,6.9179354e-05,8.820986e-05,0.00011723091,-0.00016044918,-0.0001820563,9.111626e-05,0.00021475498,0.00036020705,0.00020330466,1.0747794e-05,-3.58977e-05,7.463608e-05,0.00015520617,0.00023183964,0.0004107433,-2.4296363e-05,0.00020325487,8.361707e-05,8.040385e-05,-2.0116582e-05,3.3880762e-05
AF324493_1,4.180949e-05,8.754482e-05,-8.891134e-05,0.00014078442,-1.4901447e-05,3.62805e-05,-1.6080045e-05,0.0002227122,-2.5125833e-05,-5.8997914e-05,5.413374e-05,-0.00025696313,0.000102405196,0.00015709206,-0.00010600281,-7.507636e-05,4.9266288e-05,2.8137669e-05,-4.107718e-05,-5.418474e-05,-0.00011605839,-4.0161627e-05,-9.5049705e-05,0.00014315716,-0.00018045318,0.00027413337,-8.916627e-05,-4.2491527e-05,0.00015103596,-2.3129522e-05,-0.00011192802,0.00011443134,2.4184441e-05,-3.3653712e-05,-4.4134795e-05,3.642765e-05,0.00010514949,1.7097225e-05,-9.118675e-06,0.00010811565,7.167673e-05,0.00010350886,-5.4954553e-06,-4.6302128e-05,0.0001306926,5.8211994e-05,2.4965668e-06,-5.6497356e-05,-2.6395302e-05,0.00027633266,1.9346424e-05,-9.018659e-05,-5.5847722e-05,2.2013186e-05,-1.3855226e-05,4.9506794e-05,0.00014991748,-0.000100834965,4.8993712e-05,-5.117937e-05,0.0001579386,-7.768621e-05,-8.416435e-05,-0.00011959666,6.515237e-05,-0.00020241408,-2.8837834e-05,-2.7609594e-06,0.000135195,-4.7432248e-05,1.5122106e-05,0.00014132858,0.00012262793,-0.00010069013,-5.821492e-05,2.1479118e-05,6.140629e-05,-5.1262177e-05,-5.802228e-05,-9.77286e-05,0.0001549195,-8.6904074e-05,0.000115412484,-0.00012843704,3.6135607e-05,5.3417392e-05,-6.246619e-05,-3.41743e-05,-2.400167e-05,-1.2672652e-05,1.1733934e-05,4.6709672e-05,7.162695e-05,3.7360613e-05,9.284194e-05,9.957306e-05,6.595489e-05,0.00012381446,0.000103684324,0.00012503211
AB023804_4,4.536217e-05,-7.711621e-05,0.00013841508,-1.62237e-05,8.82128e-05,8.076297e-05,-0.00012486122,-8.585017e-05,0.000120982215,-2.9601926e-05,-0.00015269937,-9.302728e-05,-1.4200066e-05,0.00011429727,-4.912559e-06,0.00010215016,9.004741e-05,-2.8825485e-05,0.00013721312,0.00014790533,-5.317882e-05,0.00016258791,0.0001986165,7.0682676e-05,3.2280983e-05,1.8376279e-05,3.9214432e-05,-3.5339155e-05,-3.4094069e-06,-1.1367193e-05,5.2203304e-05,-0.0001689331,-6.355053e-05,1.1388194e-05,0.00023056366,9.4672396e-05,9.864923e-05,0.00028307413,2.4772384e-05,6.223433e-05,7.930083e-06,-0.00015474822,1.2102816e-05,0.00013028027,0.00012876431,5.3532116e-05,0.00016475137,-0.00015350395,-0.000101810394,4.955301e-05,3.1825773e-05,5.305122e-05,-2.1802556e-05,4.857116e-05,-1.2065757e-05,-2.581104e-05,-3.470613e-05,-7.39567e-05,5.4191547e-05,0.0001290742,-4.9965034e-05,-0.000112712514,0.0001193678,0.000120214056,0.00013397123,8.628524e-05,-6.775587e-05,0.000113481015,-7.990961e-05,-7.0910132e-06,6.554609e-05,-2.5110014e-05,8.247052e-05,-6.391974e-05,0.00010947985,6.541031e-05,4.355064e-05,9.842859e-06,0.00021712249,5.7196838e-05,0.00017070479,0.00016054523,-5.1707535e-05,-9.505554e-06,6.0935927e-05,0.00012896713,7.46278e-05,0.00013007627,-5.341066e-06,6.225067e-07,-6.5506225e-05,-4.3426528e-05,-2.9065186e-05,0.00012396957,6.840533e-05,7.026752e-05,0.0002374342,-3.8289178e-05,0.00012819338,6.495475e-05
EU541617_2,0.000108950895,-2.9006347e-05,7.525798e-06,0.00013511458,-4.499805e-05,9.857457e-05,0.00025959703,7.253094e-05,9.171908e-05,9.4379204e-05,-0.00010799453,-2.391391e-05,7.105927e-05,4.104791e-05,-8.750525e-05,1.3052303e-06,-0.00015656046,-7.984114e-05,0.00016516207,-1.27351495e-05,-3.53393e-05,0.00019764117,-6.295863e-05,0.00012302355,-5.2462452e-05,-7.0342735e-06,0.00011162478,1.4099588e-05,2.2734363e-05,3.9251903e-05,7.7214485e-05,-9.9767785e-05,-6.435114e-05,5.343924e-05,-0.00017162228,0.00014592992,-5.1855426e-05,0.0001864017,4.760002e-05,0.00010712058,-9.413313e-05,-7.734226e-05,0.00015560549,-8.795387e-05,0.00020748166,0.00019979625,-4.4847726e-05,-0.000114573726,8.2906445e-05,2.4971316e-05,-7.605898e-05,0.000106303996,3.6313228e-05,-0.0001031858,0.00022188995,-7.71927e-05,0.00012416721,9.611982e-05,2.537355e-06,6.1622864e-05,7.000826e-05,-2.1057678e-05,1.1032512e-05,3.590238e-05,7.521708e-05,-0.00017782062,3.0047055e-05,-3.1593067e-05,-3.7297672e-05,-7.601355e-05,9.452718e-05,0.00014934318,-0.00011006226,-3.477541e-05,9.8848495e-06,-4.255716e-05,-3.441144e-05,0.00012091262,-0.00016259775,-6.0228085e-05,-0.00012846658,0.00021772647,-9.493708e-05,-4.9319948e-05,0.00012602465,0.0001134557,0.00014480382,0.00027701407,-4.818821e-05,-0.00011024631,0.00020866511,-0.00017001516,-2.5345907e-05,-2.4336993e-07,0.0002926848,-3.7255966e-05,-0.00010862367,3.1886546e-05,6.99105e-06,-5.1877785e-05
K02013_5,1.5099455e-05,0.00014380843,0.00012511495,7.1070244e-05,7.061432e-05,0.00012597085,0.00014402924,7.879656e-06,3.7492846e-05,0.00013934949,0.00012692768,6.900451e-05,5.227874e-05,0.00012809558,0.00014187714,-7.0789713e-07,0.0005269794,0.00015309753,4.9548154e-05,4.7646103e-05,0.000102064754,7.6951306e-05,0.00015371575,5.847635e-07,4.9450373e-05,0.00012459554,0.00019201859,0.00012358,-0.00012399322,-1.5037084e-05,-0.00017865775,-0.0002279948,0.00012932484,0.00014959245,8.743643e-06,9.014334e-05,0.0002157317,6.1250306e-05,-2.767224e-05,1.662462e-05,0.00010645109,2.9290495e-05,3.9135983e-05,8.286011e-05,2.616055e-05,8.668919e-06,-1.0897939e-05,-1.7005974e-05,-4.655073e-06,0.00010317923,1.6514541e-05,0.00014853498,-6.134067e-08,-2.1919611e-06,0.00011103579,5.7182682e-05,0.00014903278,0.00011695362,8.791127e-05,5.6001398e-05,8.5921885e-05,4.5743414e-05,5.097639e-06,4.2310705e-05,1.8428984e-06,2.4568257e-05,-0.00016812031,-5.2409836e-05,5.960727e-06,3.9364284e-05,1.814904e-05,0.0001333968,-5.811437e-06,2.2030548e-05,1.9046538e-05,-4.642688e-06,2.3516566e-05,7.614616e-05,1.5200656e-05,3.8006365e-05,-7.051546e-05,2.6244104e-05,-1.1870316e-05,9.941238e-07,1.3512992e-05,9.558178e-05,1.3002623e-05,2.2562583e-05,4.094517e-05,2.2205784e-05,1.9751815e-05,-3.0149038e-06,9.566949e-05,2.33418e-05,3.614031e-05,1.4659905e-05,4.743447e-05,4.8423724e-05,8.819664e-06,1.1986868e-05
AB052995_3,-9.408895e-05,0.00016289948,3.852609e-05,8.330796e-05,1.6555434e-05,-6.208291e-06,0.00016067621,1.4163253e-05,-5.0558854e-05,0.000109907756,9.328242e-05,-6.179076e-05,0.00021549212,7.958142e-06,3.4912046e-05,-2.0984065e-05,0.0001179573,7.986215e-05,8.340539e-05,0.000164119,0.00020177205,7.1840864e-06,1.1070476e-05,6.841542e-05,0.00015173065,4.699677e-05,0.000106370644,0.00010254479,2.8530107e-05,0.00013594453,0.00016440338,0.00013065105,3.5457882e-07,-5.4491386e-07,9.93682e-05,0.00011420467,0.00061189005,0.00028357023,0.00014136896,9.49364e-05,-4.35361e-05,-7.8307196e-05,0.00014527977,4.914311e-06,9.154634e-05,0.00025061227,-6.7284585e-05,-3.8217462e-05,1.3185063e-05,-8.347217e-06,0.00011513526,0.0001566796,-0.00017548939,8.208298e-05,-6.383917e-05,1.1315367e-05,-0.00010210548,-9.052054e-05,6.661564e-05,0.00020916121,0.0001784725,-6.8885485e-05,-4.6631438e-05,-6.394631e-05,0.00028052295,0.000100408164,0.000105392486,7.404042e-05,5.1711937e-05,0.00021512219,0.00017808833,9.156257e-05,8.047122e-05,3.3463417e-05,7.1082635e-05,-7.428061e-05,-3.715329e-05,0.00017615187,8.7920074e-05,-3.544559e-05,0.00010098312,-1.2353459e-05,-3.2826597e-06,-9.9698394e-05,-4.9049955e-05,-5.0302362e-05,4.16071e-06,-5.2314444e-06,8.711446e-05,-5.755301e-06,-2.9422346e-05,2.1878668e-05,-0.00011364013,0.00019160163,5.9050108e-06,6.540637e-05,8.885365e-05,0.00011429026,-5.5196673e-05,0.00012923803
M17451_1,8.7310245e-06,0.00014295006,0.00013030614,6.31104e-05,8.742301e-05,0.000116074254,0.00014328562,1.15634375e-05,0.00014415118,1.0290025e-05,1.4122648e-05,0.00014428308,5.824027e-05,0.00013054097,0.00013645127,4.7793357e-05,8.898038e-05,0.0001134984,0.00014030721,3.3728928e-05,0.00013360562,5.3725693e-05,1.07749165e-05,0.00014339626,0.00011706088,8.399467e-05,1.1073218e-05,0.00014314443,0.00010242,0.00010400964,2.0355505e-05,0.00013764008,0.00013383913,4.1793406e-05,0.00016604674,0.00017398933,6.088856e-06,0.0001535951,-1.5459024e-07,6.19118e-05,0.00016488605,2.5070556e-05,7.197196e-05,3.270553e-05,8.149651e-05,0.00012519871,0.00013610815,8.784589e-06,6.86525e-05,0.00012248996,0.00017077089,2.9009918e-05,3.452874e-05,9.846766e-05,0.00010847915,8.089476e-05,3.7018635e-05,0.00013265306,0.00012804466,1.5581198e-05,5.2644253e-05,0.00016865182,1.4287982e-05,0.00014173654,4.048778e-05,0.000110096335,0.00011253386,3.3186e-05,4.499304e-05,0.0001455182,0.00015445823,6.479413e-05,0.0001701434,-2.5332336e-06,0.00010231076,8.878845e-05,5.3884934e-05,0.00011133664,7.322234e-05,7.175478e-05,9.466633e-05,1.8735325e-05,-7.237345e-05,-2.4169574e-05,0.00017014769,0.000111922986,0.00014455357,7.1220806e-05,1.8193752e-05,3.014393e-05,0.00011683245,2.3660325e-05,2.9398532e-05,8.646071e-05,7.9570666e-05,1.443804e-06,-4.9160342e-05,7.152029e-05,0.0001275321,7.523372e-05
K03455_1,8.259453e-05,-2.6197464e-05,2.2795533e-05,6.522079e-05,7.0439775e-05,-6.908696e-05,-4.7211703e-05,1.1152071e-05,-5.9901082e-05,-5.994575e-05,0.00010047362,0.00012521597,0.00013660804,-4.680886e-06,-6.4346596e-06,-0.00016995,-1.6442815e-05,-0.00014877008,1.9221452e-05,1.7429816e-06,-1.912065e-05,2.5168713e-06,-0.00016696476,8.735767e-05,-0.000118121956,0.00010627221,0.0001705305,9.53419e-05,-0.00016020868,-0.0001778076,-6.3265175e-06,0.0001140521,3.5754623e-05,-6.089819e-07,0.00013834849,-4.110143e-05,-1.9382553e-05,-1.1692992e-05,-6.3113155e-05,-0.00014505025,4.787379e-05,-0.000110373476,-5.6562498e-05,0.0002191276,6.641915e-05,8.3242114e-05,1.635402e-05,-0.000107632426,8.1574915e-05,0.00025656278,0.00011301955,3.5961497e-05,-7.2913413e-06,0.00021355541,2.6420066e-05,-4.016333e-05,7.378161e-05,0.00010653885,8.767271e-05,0.0001897952,-2.5281795e-05,-4.039177e-05,-3.2967888e-05,9.872496e-05,5.351957e-05,-3.0335139e-05,-2.4882012e-05,-4.5612025e-05,0.00018230146,-0.00018276338,-3.5293837e-05,0.00019216053,1.5130861e-05,-5.2285402e-05,1.5213325e-05,7.8549274e-05,-8.4591724e-05,-0.000102880025,-6.356653e-05,2.691157e-05,-2.5043204e-05,-3.504686e-05,0.0001346007,0.00021514522,-2.2898623e-05,-4.0309194e-05,-0.00013196249,0.00033438514,5.3315376e-05,-9.363736e-05,-7.617432e-05,-0.00012616126,8.4664374e-05,-4.9319817e-05,0.00011565463,-0.00010053793,-0.0001981336,-1.5531715e-06,0.00018740167,0.00021295968
AB052995_4,0.00013658963,-4.246541e-05,2.4736619e-05,3.007076e-05,-4.4194705e-05,0.000181805,9.62547e-05,8.0660735e-05,3.3433244e-05,4.3644886e-05,0.00010090929,1.4907324e-05,0.00012348233,2.680785e-05,0.000113479444,7.882321e-05,6.4644344e-05,7.993564e-05,0.00016441736,0.00019876285,-0.00012626805,8.62884e-05,7.2407274e-05,4.2632542e-05,5.8402347e-05,-7.26691e-05,0.00013613701,0.00013574428,0.00015960618,-2.123169e-05,3.7157766e-05,-8.1142745e-05,7.63855e-05,-0.00011785101,0.00015882816,0.00010507428,0.000120500255,0.00016055492,3.2367316e-05,9.2422415e-05,-1.5519832e-05,-7.825151e-05,6.398658e-05,7.162847e-05,3.0017429e-05,4.903914e-05,0.00024394048,0.00019511947,0.00011900792,5.843899e-05,8.929089e-05,0.00011681745,-8.303807e-06,9.272025e-05,-0.00011194031,0.00018101081,7.167971e-06,0.00011265055,6.1295978e-06,4.2531177e-05,2.3736578e-05,1.7591916e-05,-1.973094e-05,-1.7423958e-05,0.00018051548,6.8740326e-07,-1.7294195e-05,3.4449014e-05,-0.00014611536,0.00020321528,-0.00014024207,0.00020350896,5.60265e-05,3.9096434e-05,8.032146e-05,-3.9181217e-05,0.00014506269,9.266756e-05,3.3012628e-05,0.00024180493,-2.0098203e-05,0.000247372,0.000143851,5.346469e-05,-3.5416535e-05,0.000103022445,-1.9167419e-05,-0.000105871215,-1.753928e-05,-2.4673594e-05,-3.1618238e-05,0.00013357433,-3.134138e-05,0.00022806182,9.277598e-05,4.375022e-05,0.000118830045,4.2870242e-06,5.899666e-05,6.525676e-05
AB023804_3,8.6038286e-05,-6.8327186e-06,3.548918e-05,0.00013674502,3.8403276e-05,-3.495998e-05,0.00017503512,-2.4821622e-05,6.129177e-05,0.0001466686,-0.00015278679,0.0002678616,-1.8785757e-06,7.73651e-05,0.00020833554,-5.4248165e-05,2.244067e-05,0.00014603141,0.00016093651,4.1913405e-05,0.00014448246,3.3445278e-05,0.00015411802,-5.6983597e-05,3.8266524e-05,6.618371e-05,-3.516098e-05,0.00011190575,0.00017381326,7.643304e-05,3.6624962e-05,4.8172365e-05,1.5822037e-05,0.00031651277,0.000112529444,-0.00017965047,0.00016178418,0.00021407052,-8.037095e-05,-6.071505e-05,-4.822332e-05,0.0002693528,-2.2981028e-05,0.00024402482,1.5633734e-05,0.00015704804,-1.2669002e-06,7.971793e-05,-4.4335415e-05,0.00011741852,-4.864015e-05,0.00019842784,-0.000103139886,-3.3622517e-05,0.00019842462,-0.000119889,7.699557e-05,0.00016217137,8.803174e-05,-2.4150126e-05,0.00011997041,-8.974542e-05,-7.249854e-05,-0.00020870277,-0.00012083578,2.7730346e-05,7.579922e-05,5.7123005e-05,5.7425546e-05,6.13597e-05,0.00014190319,-7.120216e-05,7.068483e-05,0.00014819756,5.073431e-05,-7.336992e-05,-0.00018671232,-2.0131622e-05,-5.1408166e-05,7.780188e-06,5.180422e-05,4.6770398e-05,7.352857e-05,0.00015657468,0.00015905316,2.645065e-05,-8.770194e-05,5.4988588e-05,3.863922e-05,5.5087935e-06,-7.160136e-05,6.91403e-05,5.6142766e-05,4.2888492e-05,2.6548703e-05,0.000100843514,7.5649914e-05,3.0981137e-05,-2.4471836e-05,6.28027e-06
AF324493_6,-3.384813e-05,7.9390615e-05,-7.862747e-05,5.660521e-05,0.00023931188,8.0083315e-05,0.00020315878,0.000109523266,-7.9455196e-05,4.5993253e-05,7.280531e-05,-1.18231765e-05,0.00021069923,9.527946e-05,3.505173e-05,0.00010207397,-5.436667e-05,6.121956e-05,1.8884666e-05,0.000119774486,4.7750047e-05,6.65031e-05,5.0976825e-05,-3.7422808e-05,-7.967766e-05,0.000107999396,-9.076002e-06,0.00017963235,7.348892e-05,-2.9311253e-05,-3.012041e-05,0.00013503419,-8.005033e-05,-2.9553394e-05,2.5670442e-05,-1.7252964e-05,-8.7367924e-05,-1.8544853e-05,0.000111275935,-7.2664196e-05,0.00021387584,-4.1439256e-05,0.00017218602,0.00015936374,5.6378536e-05,-0.00016100558,3.7371476e-05,-4.1855168e-05,3.4924054e-05,-3.9231996e-05,-4.2934014e-05,-0.0001483456,-0.00018901996,0.00021325902,0.00021726059,7.649743e-05,-6.136341e-06,0.00014404066,-4.5252327e-06,0.00024949302,-0.00019294998,-2.1957718e-05,0.0001049127,2.7162707e-05,0.00013472995,1.9075154e-05,-3.3894645e-05,0.000138741,-0.00010753721,-5.4312288e-05,0.00034445382,3.6413394e-06,-1.4154748e-05,3.784362e-05,-1.5095082e-05,1.222523e-05,0.00019330134,-1.2890274e-05,4.377259e-06,4.0279527e-05,0.000107508895,-0.000116816394,-1.14825525e-05,-1.6167356e-05,-7.6595556e-05,-6.2014646e-05,0.00015655425,-0.00019064778,0.00010188882,1.5591439e-05,0.000130153,8.10024e-05,8.04524e-05,0.0002707329,-5.262612e-05,0.00027056836,6.320281e-05,0.00010279451,5.1413233e-05,-2.6135818e-05
EU541617_4,3.6669302e-05,0.00015274208,0.00011465069,0.00015483976,0.00012103779,0.00016635179,-0.00016451151,2.0969675e-05,4.8459096e-05,-4.1593004e-05,-6.129146e-05,7.323702e-05,-6.572439e-05,-8.5375126e-05,-4.8008438e-05,-5.6193196e-05,0.00025119734,-0.00011404911,4.5847624e-05,4.2150903e-05,-5.516093e-05,-1.916432e-05,0.00021991659,0.00021601706,9.76823e-05,9.1135444e-05,-8.0750826e-05,-4.7514382e-05,1.7234452e-05,8.8665656e-05,0.0002178642,0.00010968584,1.4201309e-05,-3.8333714e-05,7.942502e-05,7.148912e-05,0.00018099029,-5.0977636e-05,7.8313045e-05,5.3115233e-05,0.00013137479,-3.4068085e-05,-5.508327e-06,3.5806548e-05,-4.3065083e-05,-0.00018195671,-0.0001195464,-1.1290648e-05,7.144329e-05,-5.4553642e-05,-7.659802e-06,6.900874e-05,0.00020192389,7.284642e-05,5.3784745e-05,7.4272735e-05,0.00020982632,-9.9546805e-06,7.589719e-05,-0.0001299468,5.0768525e-05,-7.42658e-05,-0.00015020931,2.8140708e-05,-3.299891e-05,8.532307e-05,0.00013085484,0.00019648453,-4.953046e-05,5.0908056e-05,-4.9658964e-05,0.00011335766,0.00017573213,0.00016290981,5.831084e-05,4.1169114e-06,-0.00025146542,7.948196e-05,9.611173e-05,5.687921e-05,0.00010893974,-3.527397e-05,-1.9677236e-05,1.1405326e-05,3.958045e-05,0.00022520754,-0.00012387733,2.6907608e-05,-9.190685e-05,5.4113014e-05,-9.914189e-05,6.353438e-05,-3.120588e-06,9.384831e-05,7.704185e-06,-0.00010147235,9.614882e-05,-8.2030085e-05,-8.695845e-05,0.00026971614
M17451_4,0.00010668328,0.0002212458,8.354745e-05,-1.655413e-05,0.00016646602,0.00022100272,-6.760735e-05,0.00014363359,0.00010522154,4.0829214e-05,6.974097e-05,0.00021193638,0.00023010273,2.0368625e-05,6.795981e-05,0.00013659208,0.00015692544,-5.7037687e-05,2.4884392e-05,-0.00011726315,0.00010098361,5.0184804e-05,0.00011810315,8.683669e-05,3.6240083e-06,4.4333527e-05,-7.208307e-05,0.00013020504,0.00023595881,8.734824e-05,6.7439505e-05,0.0001181461,0.00013373625,-1.1387926e-05,-6.69208e-05,-8.698033e-05,9.14313e-05,1.41514e-05,3.6589798e-05,-5.6085373e-05,0.00015913027,0.00011992152,-0.00013401936,0.00013537686,-3.6708218e-05,0.0001255894,-4.0211413e-05,-0.00012325481,0.0001279146,5.772717e-05,6.327095e-05,0.00010643317,-5.2698375e-05,0.00013759286,4.6049914e-05,-3.541393e-05,8.882688e-05,0.00010235278,2.9525596e-05,8.923341e-05,-3.9711063e-05,0.00015017505,0.000119425946,8.731704e-05,3.1714186e-05,4.32267e-05,4.344834e-05,4.2369e-05,3.9065813e-05,0.00012500286,3.471738e-05,4.4124023e-05,-7.392027e-05,3.2259213e-06,7.205901e-05,0.0001563041,3.6361478e-05,1.4561325e-05,0.00019041153,4.5676737e-05,-0.000111501664,1.5813132e-05,-0.000105690764,-7.5696065e-05,0.00024935292,-9.1765156e-05,3.689766e-05,6.519852e-05,3.0425383e-05,0.000113395115,7.5426186e-05,-5.0492792e-05,1.9978534e-05,-0.00010193512,1.8817518e-05,3.8967188e-05,-0.00016167815,-9.50688e-06,0.00013690449,0.00018114367
EU541617_1,4.4605727e-05,6.639818e-05,6.1303275e-05,8.669402e-05,1.0373006e-05,3.2499942e-05,8.785753e-05,-9.819106e-05,-7.0654614e-06,2.1642341e-05,0.00014565708,6.3588195e-05,9.763965e-05,-9.156215e-06,6.500203e-05,-2.2175977e-06,8.120408e-05,-6.554701e-05,0.00014993356,5.549378e-05,0.000103903134,6.2324274e-05,0.0001746649,0.000133668,0.00018887167,0.00016189073,9.786449e-05,6.6208763e-06,4.011725e-05,0.0001604714,7.8055964e-05,5.4501063e-05,0.0002675994,-2.4116667e-05,0.00015235989,-0.000101881415,8.7079636e-05,0.00015390775,0.000101195095,0.00016489325,2.0615567e-05,-5.5838136e-05,3.0626816e-06,1.0732557e-06,1.4065395e-05,0.00015812763,1.405268e-07,-1.3128776e-05,2.0393461e-05,1.1873873e-05,0.00016233714,5.841552e-05,3.0323636e-05,-1.2372208e-05,3.3229237e-05,-8.420751e-06,-1.3958795e-05,0.00019007472,0.00016069788,-6.141026e-05,6.80224e-06,-9.98626e-05,-5.2019874e-05,4.7760503e-05,0.00019398618,1.9651461e-05,-5.5650788e-05,7.9263526e-05,3.3082815e-05,5.7025227e-06,5.4693508e-05,6.898801e-05,0.00010321469,-0.00015916518,1.3455329e-05,0.00018510957,-0.000115368806,-0.00019940446,0.00015198159,-3.5724413e-05,0.00014144553,-0.0001517818,-4.662654e-05,-6.388177e-05,8.469601e-05,2.8134267e-05,-0.000110280074,7.802658e-05,-9.567727e-06,6.530209e-05,0.00015947508,0.0002458161,0.00012701005,-1.0436944e-05,4.4486525e-05,0.00016947759,7.711881e-06,-1.183895e-05,-1.8495506e-05,-9.975017e-05
AB052995_1,9.140351e-06,0.0001442712,0.000102165235,0.00010203202,0.00013050533,6.100987e-05,8.953901e-05,0.000112613016,0.00014701133,8.316601e-06,3.5789795e-05,0.00016180816,0.00013336056,4.349543e-05,6.328523e-05,0.00011207791,0.00012612891,6.911806e-05,-1.0598524e-06,0.00021734048,3.4053337e-05,0.00020050845,2.5462094e-05,0.0002016028,1.4305793e-05,0.0003583698,5.977256e-05,2.2971784e-05,0.00013265996,3.2598968e-05,3.9978353e-05,0.00014288683,7.0127176e-06,0.00019418659,-2.3139569e-06,6.9400514e-05,0.00013352865,0.00020940234,7.650271e-06,2.7695694e-05,0.00046021034,0.0002881338,1.4146787e-05,7.438351e-05,8.4065025e-05,8.131465e-05,-3.721362e-05,-2.9623106e-05,7.929623e-05,0.00012624919,-4.824471e-05,2.2071823e-05,4.683432e-05,6.9117385e-05,0.00015980937,9.943974e-05,4.2879237e-06,6.541879e-06,9.64989e-05,0.00014039,5.1731153e-05,0.00010960877,4.1467716e-05,3.5988e-05,4.3454484e-06,0.00011640273,6.584317e-05,3.0095583e-05,0.00016186138,6.885665e-05,3.731298e-05,0.00011643407,3.7709437e-05,9.076736e-05,2.7380685e-05,3.8452476e-05,0.000105665495,0.00012095184,2.458339e-05,0.000100658675,2.8164803e-05,0.00010524082,-1.2009721e-06,4.576525e-05,5.763283e-05,7.26623e-05,-9.1016336e-05,-2.001497e-05,0.00014088787,3.0343024e-05,2.017708e-05,-3.6493773e-05,-6.112244e-05,7.98597e-05,3.3439443e-05,3.351176e-05,-2.9241482e-05,7.530103e-05,0.000112399735,4.9681235e-05
EU541617_3,0.00015645236,0.000116176096,0.00019853924,0.00015423667,5.481689e-05,9.8630095e-05,-4.4939825e-06,-3.1995196e-06,2.914048e-05,3.5374505e-05,0.0003401266,4.7760328e-05,-0.00010090872,0.00017317348,0.00047810597,0.00010916649,-3.481342e-05,-8.425823e-05,-8.28004e-05,7.288681e-05,5.524285e-05,-9.4881545e-07,7.74347e-05,-9.20222e-05,6.346622e-05,0.00027504098,0.00016691984,0.00013357872,2.8329689e-05,-0.00014097622,1.5672958e-05,6.6236265e-05,2.8624516e-05,3.5411397e-06,-0.000114328264,9.3424256e-05,9.678346e-05,6.705382e-05,2.1396372e-05,6.0613947e-05,8.6716245e-05,-9.086053e-06,-9.8761986e-05,9.517167e-05,-0.0001486768,-4.3192344e-05,7.759159e-05,0.00021432151,4.254885e-06,8.794978e-05,7.577328e-05,0.00010119508,-0.00014268112,0.00016119526,0.00013569195,-5.937258e-05,0.00021758745,2.2184118e-05,6.812345e-06,9.4036055e-05,8.803018e-05,6.627954e-05,0.00015884642,3.3317763e-05,0.00030176152,7.65891e-05,-0.00017174312,9.062277e-06,4.4640106e-05,-4.237729e-05,-8.398197e-06,-6.2299194e-05,0.0002315554,9.425435e-05,0.00016145161,-9.670166e-05,-3.4910958e-05,-2.7184797e-05,4.540472e-05,8.404275e-06,5.613778e-05,3.2216994e-05,-4.6617977e-05,4.561274e-05,-1.9664645e-05,-1.0013204e-06,-8.969071e-06,1.4703503e-05,-2.7872522e-05,0.00013246454,-0.00018327104,3.9880746e-05,5.94467e-05,-2.4872106e-05,2.2068754e-05,9.814619e-06,2.8910707e-05,7.545552e-05,-7.2945244e-05,0.00013237799
AF324493_4,-2.3068662e-05,0.00017558114,-0.00012118383,-7.1974296e-06,0.00014559548,-1.0322334e-05,0.00014356404,-3.5607514e-05,7.88138e-06,-0.0001244979,-3.258399e-05,6.482533e-05,7.0706737e-06,3.353113e-05,0.00023486308,-2.8855016e-05,-4.5226974e-05,0.00011943692,6.6251065e-05,0.00011801491,-0.0001055079,-0.00016514784,-0.0001335629,-7.0399634e-05,8.701557e-05,2.4730898e-05,0.000104067105,0.000314169,3.0227167e-05,-1.05955805e-05,-6.57974e-05,9.718661e-05,2.5359743e-05,-5.4757755e-05,-1.1836822e-06,9.2005444e-05,0.00015187213,3.6119258e-05,-0.000111386,8.94954e-05,-5.1417708e-05,-2.7436254e-06,-2.6697294e-06,0.00017166055,-0.00020478273,5.1644616e-05,0.000120079516,2.0852767e-05,-0.00023383537,-8.538286e-05,-9.2056e-05,5.0941093e-05,-5.8532546e-06,0.0001953329,-3.4673027e-05,1.5628233e-05,0.000101302394,3.1071813e-05,8.87515e-06,6.2289837e-06,7.986591e-05,2.0275333e-05,-2.833897e-05,4.805942e-05,5.6879562e-05,6.4892454e-05,-9.881796e-05,7.1261566e-05,7.0525406e-05,1.8883791e-05,-8.64304e-05,-2.884147e-06,-8.907453e-05,-6.504538e-05,-0.00012373335,0.00016207404,0.00018263748,2.1913746e-05,3.9666917e-05,0.00012635498,-3.3076474e-05,-0.00017131706,6.354798e-05,-4.885318e-05,8.780682e-06,0.00010940334,0.00017006494,0.0001530059,8.91845e-05,4.313319e-05,1.3966638e-06,-6.680151e-05,0.00021762334,-4.6562665e-05,0.00010280255,-8.3648025e-05,0.00010559004,-1.2440503e-05,0.000103142505,0.000110283065
K03455_5,0.000106671425,0.00012511853,0.00016032835,-4.952684e-05,8.9649975e-06,8.006402e-05,3.7949263e-05,0.000101813064,4.2155458e-05,6.195421e-05,0.00010086772,0.00012040591,-6.486261e-05,1.4973867e-05,0.00014834585,-0.00013407198,-0.0003128226,0.00015000005,8.264472e-05,6.0713086e-05,1.6732556e-05,-3.592874e-05,-6.131307e-05,5.8176407e-05,0.0002084135,2.0186373e-05,0.00013019482,0.00014979846,0.00010651629,4.1240728e-05,-9.54319e-05,5.4831067e-05,6.0163013e-05,-2.6903335e-05,4.934077e-05,0.0001240296,6.542345e-05,-9.667091e-05,5.271188e-05,8.976757e-05,5.735019e-05,-2.3717865e-05,6.4829015e-05,6.359818e-05,4.9092345e-05,3.738153e-05,-8.629123e-05,-8.725277e-05,-4.8921855e-05,0.0001087096,0.000106829466,-0.000101181526,6.4921565e-05,-6.872242e-05,4.2911915e-06,0.00019801203,8.4204876e-05,0.00012923204,-9.812571e-05,-3.218118e-05,0.00011845962,4.9893693e-05,0.00010857768,-0.00012358285,8.9885034e-05,-4.3215965e-05,8.382687e-05,-0.00022600734,-4.6830355e-05,0.00018869984,3.2466913e-05,0.00012965556,0.00011310121,0.0001105599,-4.7881036e-05,9.053611e-05,-0.00016893065,-0.00018338315,6.921191e-05,0.00012451399,5.3269596e-06,0.00013236179,0.0001815136,-5.2810687e-05,-7.981856e-05,2.700242e-05,-2.8007382e-06,-0.0001561238,0.00023456351,0.00016378018,7.3431176e-05,4.992129e-05,7.924551e-05,-3.2150954e-05,1.6655666e-05,5.8160145e-05,8.1294784e-05,3.7422677e-05,6.778749e-05,8.2149374e-05
K02013_4,-5.145066e-06,-2.3261875e-05,7.4469375e-05,0.00014799224,3.0475667e-05,9.252778e-05,0.00015153886,0.000107506115,5.1884803e-05,0.0001314092,6.3543564e-05,9.650865e-05,0.00021273024,0.00010500595,-2.4392195e-05,5.5228065e-05,5.4248114e-05,2.1927175e-05,-4.5724846e-05,0.0001272915,6.485357e-06,0.00022040296,0.00012394853,0.00011488781,8.859241e-05,0.00014153005,0.00010002694,0.000116758325,2.3547344e-05,2.912101e-05,8.7197084e-05,0.00012833407,-8.294355e-05,0.00013275852,0.000100665944,0.00011552121,0.00010083599,-4.455219e-06,0.00012088165,8.3190534e-05,0.00018840894,0.00014589768,2.9548211e-05,3.949532e-05,0.00012240182,8.8241315e-05,7.2237875e-05,0.00012768547,8.4892556e-05,0.00013153593,2.7927665e-05,0.000119808254,1.799219e-05,0.00014025845,0.00013594053,1.4397317e-05,0.00029030303,0.00020504893,9.856427e-05,0.00020145616,0.00017203194,6.989126e-05,0.0001418754,2.0578093e-06,7.986506e-05,0.000111621834,9.054963e-05,4.803209e-05,2.0347117e-05,0.00027663,-1.0444795e-05,0.0002575103,0.00028566655,0.00019527326,0.00018947101,0.000102850005,-7.924434e-05,-1.7401757e-05,0.00024034042,8.4801635e-05,0.00019393305,0.000119971184,-0.00017873432,5.1154122e-05,-7.024728e-05,7.797794e-05,0.00014350367,-2.8356033e-06,-3.8037982e-05,-8.7109554e-05,0.00014105218,0.00013467191,-5.815537e-05,0.00019601156,1.8752393e-05,-1.5802116e-05,-6.329978e-05,7.0584306e-06,0.00014974418,0.00016575395
AF324493_7,8.208038e-05,-3.0655923e-05,0.00012742009,0.00028796468,4.7600046e-05,-1.6596683e-05,5.0100705e-05,-1.393996e-05,-2.5608075e-05,9.744067e-05,9.7847456e-05,0.00010599359,3.2569566e-05,8.503919e-05,7.87445e-05,-5.8630998e-05,0.0001526631,1.8580033e-05,-0.00014498788,0.00015213255,-1.083896e-05,0.00026240415,4.0949562e-05,0.00014978099,8.491054e-05,-4.99813e-06,0.0001608769,-2.4869191e-06,-0.00013403235,-3.3511318e-05,1.276496e-05,-0.00028387844,-1.1898812e-05,-6.669123e-05,-1.2905163e-05,0.00013930205,-2.2482473e-05,-1.0584152e-05,4.6157576e-05,-3.9148148e-05,2.827561e-05,4.4204284e-05,3.2238033e-05,0.00014060149,-1.4000661e-05,4.7929636e-05,9.056661e-05,8.759905e-05,3.926842e-05,-4.7831105e-05,-8.292221e-05,0.00019705643,-6.17875e-05,-6.520729e-05,0.00019940178,-5.3557633e-05,9.136456e-05,-0.00011743985,0.00015016481,1.6932843e-05,8.6451e-05,0.00012604124,-0.00013818205,-9.854018e-05,5.6706434e-05,6.8942354e-05,0.00016553838,0.0002903676,-4.4413635e-05,-5.5344667e-06,0.00021225805,0.000119229066,-4.5704037e-05,0.000115263945,0.00014166531,-1.6448434e-05,-0.00013207675,-5.290728e-05,-3.8887665e-05,3.1244646e-05,8.0521335e-05,8.2752726e-05,2.7339942e-05,7.9179554e-05,0.00013505289,8.113339e-05,-5.9221027e-05,0.00013297537,-0.00015441948,-0.00015408249,3.2353655e-05,0.00012715436,2.0896725e-05,-5.654683e-06,7.405214e-05,-1.5145443e-05,-0.00013573995,-4.4304776e-05,0.00010369798,-8.9656016e-05
AB052995_2,7.627913e-06,-3.4501343e-05,0.00017776823,-0.0001251721,-6.6645734e-06,-6.0708785e-06,0.000116036,7.49533e-05,8.618549e-05,6.131154e-05,8.3635605e-05,-3.323022e-05,0.00024460696,5.178968e-05,-3.8466074e-05,-9.360558e-05,2.0322057e-05,-3.1370877e-05,4.5656656e-05,0.00020287858,0.00010297122,0.00010747023,4.3784774e-05,0.00018798438,-5.5466928e-05,4.103187e-05,0.00015985552,5.470753e-05,0.0001464512,0.0001878774,9.485129e-06,3.1874492e-07,0.000101357364,0.00011936337,9.796847e-05,-8.486787e-05,-3.9376326e-05,2.172275e-05,0.000110156136,-1.652105e-05,5.3370917e-05,0.00010478135,5.1338528e-05,6.881975e-05,-2.8533632e-05,-4.408841e-05,-4.353116e-05,-1.5449636e-05,0.00013748677,-1.5682006e-05,2.6624866e-05,-3.9760166e-06,0.00016022654,0.00014261503,0.00017212414,-8.522618e-05,-6.058938e-05,0.00012364883,0.00015096396,7.891115e-05,0.00024971264,-3.307819e-05,2.479979e-05,0.00011257844,0.00017240261,4.092057e-05,1.7403385e-05,2.0486794e-05,-3.329408e-06,0.000148006,-5.5279706e-06,-4.2558484e-05,7.327416e-05,0.00014075752,8.887429e-07,8.996082e-06,0.00012957414,0.0002706128,8.2974424e-05,-0.00010639317,-2.855113e-05,0.000103522354,3.7207825e-05,0.00011648857,7.3570256e-05,0.00016746797,-6.694268e-05,4.1242595e-07,-0.000102331214,6.7014844e-05,0.0001948335,-1.4517473e-05,-8.667562e-05,0.00015359675,-9.275837e-06,0.00016546712,-5.044849e-05,0.00018286062,6.393188e-05,6.477481e-05
M17451_2,0.00014663007,6.3673783e-06,0.00012254268,7.613326e-05,0.00027026873,1.0923517e-05,0.00011285489,9.1478665e-05,0.00014155595,2.7898785e-05,6.182359e-05,0.00013399418,-1.2284407e-05,-2.3792905e-05,7.347784e-05,0.000124596,0.00014316099,1.4362234e-05,4.690742e-05,0.00013170786,-3.0594332e-05,-6.6533896e-05,1.6487393e-05,5.7588008e-05,3.6486195e-05,0.00013882396,0.00019584651,0.0002417694,5.8963848e-05,0.0001464436,3.7469053e-05,0.00019823862,0.00016490318,5.766795e-05,0.00013081834,0.00011541277,0.00016612644,0.00016030125,0.00017539044,6.183685e-05,0.00016556171,2.0921034e-06,0.00013681041,1.30114995e-05,-9.983348e-07,7.3957184e-05,7.157278e-05,5.8922957e-05,7.220548e-05,6.899323e-05,7.664453e-05,9.117794e-06,9.006894e-05,0.00021355748,5.632236e-05,7.345588e-05,6.3700995e-06,-2.4936175e-05,6.282051e-05,1.2596277e-05,0.00011988312,0.00011201246,0.000116437404,7.432015e-05,-3.2680798e-06,2.9007706e-06,3.273699e-05,5.3894488e-05,9.436779e-05,0.00012270057,0.0002958911,-0.000101514524,5.9145696e-05,0.00013750463,0.0002458241,0.00024382463,3.40689e-05,2.791785e-05,-6.96484e-05,-1.3323633e-05,3.1545749e-06,2.3516626e-05,-2.041006e-05,7.1827395e-05,-5.147332e-05,0.0002494822,-3.5785833e-05,0.00012289075,0.00011950022,-7.5963703e-06,1.267037e-05,-2.5422325e-05,-6.0426017e-05,0.00015054415,-8.933374e-05,0.000121462675,-3.0968552e-06,-9.0271344e-05,4.2245018e-05,7.428801e-05
AB052995_5,0.00026640375,-1.8614817e-05,0.00019988733,5.298448e-05,0.00014372608,-8.8448214e-05,0.00010493429,-4.4944358e-05,-8.040857e-05,3.075303e-05,2.1055297e-05,-4.4992008e-05,1.3166013e-05,1.4490075e-05,7.701385e-05,0.00012286016,-0.00013037793,-0.0001325201,2.9924646e-05,-1.1322859e-05,7.477217e-05,8.9648696e-05,4.632003e-05,0.00012724116,9.6566306e-05,5.12895e-09,0.00014070465,6.8863854e-05,-6.606966e-05,0.00013310023,0.00011749445,7.6282515e-05,0.0002457931,1.0640701e-05,2.8584122e-05,0.00017537344,-0.00016432712,0.00012504068,8.79311e-05,-2.3892887e-06,8.361173e-05,4.514786e-05,0.00014297607,0.00014715915,6.283125e-05,0.00014547378,1.2293416e-05,-0.0001777514,-1.48367e-05,-7.020306e-05,0.0001843379,-5.2472966e-05,0.00016470368,2.3084536e-05,0.00017585976,0.00019937876,-4.771315e-05,3.7209033e-05,3.6455018e-05,2.779943e-05,-1.1159133e-05,7.812949e-06,0.00026007066,-1.6476097e-05,0.00011861626,-9.829551e-05,0.0001030992,3.3077413e-05,-1.2104888e-05,4.75178e-05,0.00014354056,0.000102396196,0.00023676468,-9.8927725e-05,-1.4268429e-05,-9.016276e-06,-3.8982373e-05,-0.0001740138,5.9462312e-05,5.3211847e-05,-0.0002802798,-4.1508625e-05,-6.835971e-05,3.0094507e-05,0.000111557376,0.00010677857,1.5558217e-05,0.00014791332,1.2327549e-05,3.9316066e-05,0.00017148723,-2.5364232e-06,-4.2832526e-05,2.5035988e-06,-9.131236e-05,4.0436193e-05,0.000104876366,-5.4024167e-05,9.4463605e-05,3.7064925e-05
K03455_2,8.0148326e-05,5.4626387e-05,6.710952e-05,0.00014717477,-4.304739e-05,0.00013577519,0.00016690692,0.00011332404,0.000110411376,4.3896296e-05,7.652342e-06,0.00012035652,7.666429e-05,4.5233146e-06,0.00012793396,4.2288397e-05,3.2570777e-05,1.3872376e-05,0.00025932532,2.22075e-05,0.000208483,3.456704e-05,9.542552e-05,0.00013805415,3.1308206e-05,0.00023246296,1.884444e-05,4.050547e-05,0.00010475115,0.00015134795,5.8496502e-05,9.8723074e-05,9.151379e-05,8.680439e-05,0.00014761592,-1.9107705e-05,0.00011141828,0.0001122717,0.00020338876,0.00024809016,5.1559666e-05,-8.361987e-07,0.00012918466,-1.7384738e-05,3.7033255e-06,6.783181e-05,0.00011024533,3.3505603e-05,1.8001687e-05,-6.761726e-05,0.0001381559,0.0002300469,0.00019616021,0.00020387462,0.00011994183,0.000149543,0.000121322664,-8.3230625e-05,7.936445e-05,-2.551516e-05,1.243401e-05,-3.5556997e-05,5.941753e-05,0.00012857177,0.00016706505,0.00010825314,9.559519e-05,4.736331e-05,7.759098e-05,8.67832e-05,9.107718e-05,-0.00012236269,9.225213e-05,0.00013341171,-6.47971e-05,2.9888648e-05,-6.0138198e-05,-3.5274657e-05,1.8784029e-06,0.00015349896,3.0002899e-05,2.9304858e-05,0.00013537276,0.00013716359,-5.7525463e-05,-4.77554e-05,0.0002703906,2.5892778e-05,-5.542071e-07,-2.6836113e-05,3.671836e-05,0.000101430865,0.00021733994,7.973942e-05,0.00020428804,-9.760567e-05,-7.4120304e-05,4.8246697e-05,5.981822e-06,0.0001397968
AF324493_9,8.044141e-06,-9.216929e-06,-8.318475e-05,8.750276e-05,0.00021721434,0.00011576021,7.060159e-05,-1.3878053e-05,6.790216e-05,0.00021978232,3.0853415e-05,-1.3199512e-05,8.454608e-05,8.715209e-05,0.00014563324,-5.948579e-05,0.0001580753,-0.000147858,9.003495e-05,0.00015295608,0.00013244446,2.2614273e-05,4.771883e-05,5.888708e-06,6.3835905e-05,0.00010190602,6.62952e-05,0.00011968496,0.00015716512,5.487293e-05,3.7838454e-05,-3.1084408e-05,3.108019e-05,0.00015652362,8.362499e-05,0.00015052667,1.2185042e-05,0.0002058644,1.0497584e-05,-5.8728347e-05,3.1683117e-05,6.203473e-06,-5.4306456e-05,1.1135494e-05,0.00019514599,-1.605389e-05,3.1809264e-05,-5.478412e-05,-9.4286916e-05,-0.00021216889,0.00015057997,-0.00018178487,0.0001277047,3.5947134e-05,8.140365e-05,0.0002785108,0.00021995547,-8.728452e-05,0.00011943091,8.86321e-06,0.0001489371,7.810116e-05,2.3611066e-05,-2.2436749e-05,-4.362633e-05,-0.00011594539,0.00020373767,0.00010924217,9.660065e-05,4.967472e-05,0.00012949562,0.00015013153,-5.3067455e-05,-4.1709744e-05,8.013868e-05,-1.58165e-05,-0.00012815585,0.00026677607,-5.4850552e-05,-0.00015658136,-1.718211e-05,1.04892315e-05,8.154198e-05,8.958651e-05,8.5059866e-05,0.00014674061,-0.00025012848,3.0347823e-05,0.00015411866,4.6577683e-05,-7.2870585e-05,7.959216e-05,2.4804645e-05,-7.4811205e-06,7.897965e-05,5.5746314e-05,0.00013948657,2.3746345e-05,0.0002188241,6.971359e-05
AB023804_2,-0.00010214396,4.8722133e-05,4.9713286e-05,-8.293461e-06,5.699842e-05,0.00019376435,0.00012819566,4.8196263e-05,7.136055e-05,6.2054125e-05,4.290425e-05,5.216699e-05,-0.000165726,1.2356491e-05,5.369311e-07,-0.00013035053,9.93065e-05,0.00010178087,-2.4239493e-05,0.00023905978,4.25826e-05,0.00015368294,-4.4728455e-05,2.5084968e-05,0.00014988543,5.9705268e-05,-9.145758e-05,4.2226387e-05,2.1016504e-06,0.00012621495,5.2028772e-05,-8.867809e-05,5.16577e-05,0.00020217936,4.8243928e-05,-3.7564466e-06,0.0001606412,8.4748615e-05,4.2807904e-05,6.5092163e-06,0.00017183491,6.361134e-05,0.00011284132,-7.5696735e-05,5.1407613e-05,0.00010215229,0.00016559046,0.000109784516,0.000119239456,6.24504e-05,8.193244e-05,2.0859407e-05,3.971078e-05,0.00012944784,8.130878e-06,0.00013784616,-6.9872614e-05,0.00014673386,-3.0946136e-05,0.00015790711,7.0793016e-05,0.00022322613,6.4533137e-06,9.780691e-05,-6.637811e-05,-0.0002004593,2.570748e-05,0.00024942376,0.00015559648,-6.500109e-06,-0.00014799871,2.1211707e-05,0.000105267885,0.00013180426,7.444994e-05,-8.1215054e-05,0.00011584951,-0.00028120526,0.0002603688,-1.8068178e-05,-5.0559003e-05,3.701129e-05,-3.2653617e-05,-4.1665717e-05,-1.2375238e-05,-7.8506724e-05,0.00019302202,-3.997571e-05,0.000113285365,6.575928e-05,-5.1668536e-05,0.00020462075,-7.6378165e-05,9.937974e-06,-0.00011228638,-0.00012545857,0.00013790664,-0.0004258056,0.00011356277,-4.813482e-06
K02013_3,-6.864905e-05,0.00012717412,1.564777e-06,2.1978005e-05,-0.0001155692,-4.175477e-06,-9.447038e-05,0.00017653979,0.00022546343,7.190365e-05,-7.0552765e-06,4.518239e-05,4.246437e-05,-4.031367e-05,4.1629526e-05,8.159349e-05,8.8167355e-05,0.00022867395,-4.3094136e-05,1.7706578e-05,-1.1609218e-05,0.00022275538,2.3666344e-05,0.00010486894,-6.306327e-05,-2.141371e-05,0.00016469894,9.9096915e-06,4.1217016e-05,2.4499861e-05,0.00016544793,-2.7965452e-05,8.685671e-05,-4.2765423e-05,0.00023298977,0.0001377659,7.558595e-05,0.00014109132,6.6071574e-05,0.00013259557,1.2759816e-05,2.6901753e-05,3.0549854e-05,-1.4182209e-05,2.1796955e-05,0.00011317211,8.427873e-05,8.22015e-05,0.00025073966,0.00036612415,0.00019566917,4.86075e-05,0.00013270481,-0.00022503028,0.00028620838,0.0003070862,1.2902898e-06,6.69434e-05,0.00039242502,-2.1184262e-06,7.236064e-05,0.00025972913,2.1216978e-05,-0.00016179144,0.00040795354,8.461187e-05,0.000103803446,-6.371324e-05,-1.3677564e-05,0.00012399943,-5.932856e-06,0.00021088515,-0.000106415784,-5.9029142e-05,1.3511354e-05,0.00026561914,-1.6195765e-05,0.00022010319,0.00017576256,0.00019609161,0.00023757655,-6.496778e-05,0.00020343521,-1.40380635e-05,-4.159325e-05,3.5221055e-05,0.00018139416,0.00022922801,8.3992134e-05,-0.00011280242,0.00010672825,1.0658948e-05,-1.3046173e-05,-8.693039e-06,3.7703803e-06,9.5350755e-05,-5.580609e-05,-8.649868e-05,2.0484885e-07,6.17131e-05
K02013_2,6.972097e-05,2.0292866e-05,2.3620438e-05,-2.3244756e-05,0.000107024396,5.8699286e-05,-3.5261957e-05,-0.00014404044,-8.1002734e-05,-0.00012969605,-0.00011927889,-2.5600837e-05,5.830564e-05,-2.237499e-06,0.000105354484,9.227071e-05,7.645978e-05,4.0532414e-05,-5.946199e-07,4.7282763e-05,0.00019262315,0.00023501873,-0.00012176854,3.055663e-05,-0.00015232824,3.7870024e-05,0.00013780205,-8.724275e-05,-3.134972e-05,5.9278004e-06,0.0001998517,-0.0001772262,9.6127784e-05,6.721412e-05,0.00012666057,-0.0001868522,0.00011246264,0.00011809154,-0.00020482785,6.735627e-05,9.694049e-05,0.00014586351,-3.9619816e-05,0.00013006273,0.00024533,-6.391288e-05,-9.70648e-06,2.8475957e-05,0.00013913904,3.854294e-05,2.0923337e-06,4.5031084e-05,-3.3111896e-06,-2.1091864e-05,0.00011373578,3.507529e-05,4.829682e-05,9.056626e-05,-0.00011274054,0.00011851967,-0.0002581071,-0.00014945274,-2.6680073e-05,0.0002379552,0.00011892478,-7.100403e-05,0.00019172851,-6.809067e-06,2.3553897e-05,8.027396e-05,0.00011162257,3.3361786e-05,-0.000112590315,-9.738456e-06,9.4051e-05,-3.5890058e-05,-0.000106346,-6.705143e-05,-6.088379e-06,-1.4368074e-05,7.124517e-05,2.6778536e-05,-9.456698e-05,-2.7265874e-05,-0.00014406869,0.00026302753,4.2286003e-05,0.00013733878,-6.5086356e-06,-0.00012532962,-2.6367148e-05,0.00011702483,5.1051225e-05,9.824904e-05,0.00014809132,5.1533927e-05,-0.00016691069,6.235105e-05,-0.0001312468,5.5086162e-05
AB023804_1,-0.00010951828,-0.00014306023,0.00013607088,0.00020477419,0.00020110077,1.8815712e-06,7.371214e-05,2.7872495e-05,0.00010358798,-0.00013381694,-1.5329046e-05,-3.8075326e-05,0.00012210339,-4.486113e-05,3.0799907e-05,4.4881286e-05,-1.5067917e-05,-0.000117656746,-1.0940481e-05,6.596349e-05,1.1100763e-05,-0.00011457132,6.553323e-05,0.00035416565,6.627599e-05,-0.0001359674,8.495286e-05,-8.268673e-05,-5.008969e-05,0.00013032685,0.00014296264,0.0003653567,0.00017980738,-5.4860637e-05,5.847948e-05,-1.7622491e-05,0.00021297218,0.00016615663,2.2430087e-05,-3.4027664e-06,-2.5806825e-05,9.4920746e-05,-7.795694e-06,0.00017674331,9.7380354e-05,8.39539e-05,-1.1061722e-06,2.0328773e-05,8.0325444e-05,4.0062354e-05,4.5704837e-05,-8.11979e-06,-6.5106986e-05,0.00022653263,5.951504e-06,4.0199757e-05,4.666177e-05,-5.379409e-06,-3.5562538e-05,0.00013445265,-5.2635423e-06,9.581246e-05,-2.3202518e-05,0.00017748815,0.00012311667,7.285318e-05,-2.2348897e-05,-4.1239193e-05,-0.0002512559,2.2719883e-05,0.00018545409,-1.6741966e-05,0.00015170917,3.822258e-05,-0.00011353488,-4.6812736e-05,5.205374e-05,5.4890974e-05,-0.00016084507,0.000110970934,-5.291288e-05,-0.00016225502,-9.136393e-05,2.2170098e-05,-4.2196487e-05,-3.25217e-05,-4.7245376e-05,-6.3081425e-05,6.387911e-05,-1.6801743e-05,2.2349059e-05,1.4378047e-06,-7.048833e-05,-0.0002707969,-7.236869e-05,-1.3655009e-05,6.9636946e-05,-3.6907684e-05,-0.00017876399,-2.3419052e-06
K02013_1,4.4861412e-05,7.4916643e-06,9.62404e-05,1.2088298e-05,6.116645e-05,9.004929e-05,-6.232878e-05,2.5006386e-05,8.0013655e-05,4.6573754e-05,3.3244207e-05,7.8308694e-05,1.4650803e-06,3.8443213e-05,2.947925e-05,5.919e-05,7.918366e-05,3.1634965e-05,-4.6610126e-05,-0.00015252677,0.00016161714,7.155352e-05,-0.0002995254,2.472414e-05,-3.5401245e-05,-2.4030634e-05,6.781557e-05,-8.1711834e-05,0.000115038216,-6.978905e-05,-8.8391505e-05,0.00023643121,-2.288452e-05,0.0003589695,0.00012561675,3.9427614e-05,0.00014822069,-6.049439e-05,3.4942714e-05,0.00018844401,1.1537323e-05,-0.000119784425,0.00010101023,-0.00012675826,7.659373e-05,7.600487e-05,-2.6106893e-05,-6.8774294e-05,-7.423732e-05,7.7404344e-05,7.939958e-05,-2.9109735e-05,5.0030376e-06,3.573202e-05,-9.362045e-05,1.0959503e-05,0.00016133384,-5.8534006e-05,0.00011531173,8.1356106e-05,3.1286738e-05,4.322835e-05,-5.9888236e-05,-5.3095406e-05,5.11792e-05,0.00010545924,2.822457e-05,-3.0500052e-05,1.2039568e-05,-4.2772344e-06,7.179635e-05,9.70915e-05,4.374579e-05,0.00017789353,-0.00013868196,0.0001662925,9.299417e-06,4.4569326e-05,0.00018547605,4.7388185e-05,8.143038e-06,-1.6749827e-06,6.615679e-06,-7.969242e-05,5.359877e-05,0.00010253061,0.00016050036,0.00017743197,6.8817404e-05,3.8408678e-05,-4.275995e-05,8.999725e-05,0.00020721536,8.5601016e-05,3.7388832e-05,9.212109e-06,0.00013293515,-5.227731e-06,-2.1686023e-05,0.00015599784
K02013_6,2.2612134e-05,2.3335619e-05,0.00010714087,6.578601e-05,3.7574773e-05,7.516073e-05,-6.9602725e-06,9.429001e-05,5.6518944e-05,2.607299e-07,8.91183e-05,6.1868923e-06,7.068602e-05,0.00013457904,7.1164504e-05,3.858935e-05,3.7333397e-05,7.7846635e-05,1.4165214e-05,1.450753e-05,1.5136198e-06,0.00026369427,0.00024621948,3.270081e-05,0.00012226697,8.293736e-05,5.2431835e-05,-8.336486e-06,-0.0001003987,-7.149889e-05,4.3534383e-05,0.00025658504,-4.7539812e-05,0.00017768207,9.402066e-05,6.507382e-05,6.626245e-05,1.7143888e-05,3.2801316e-07,1.5122819e-05,-9.521135e-06,0.00019336966,6.805949e-05,0.00010036596,0.00011482049,-4.6164663e-05,-2.3795204e-05,2.5390184e-05,4.1130403e-05,-0.00010824852,-3.5322282e-05,-0.00016777005,0.00021673378,9.060776e-05,7.821581e-05,0.000241105,1.8812842e-05,0.00013902839,-2.8398876e-05,8.933531e-05,0.00015701813,8.356258e-06,-9.795704e-05,-6.860067e-05,0.00010018797,6.770562e-05,6.646611e-05,7.113891e-05,-7.613721e-05,0.00019193643,-5.6363726e-05,4.9211585e-06,0.00017345636,5.9757585e-06,-0.00015380206,-0.00014914155,-8.759905e-05,0.000105578896,-1.0510029e-05,4.5035093e-05,-5.6444565e-05,8.224123e-05,-0.0001777181,6.595077e-05,-1.5652038e-05,-2.9671453e-05,-0.00022024974,0.00039199708,0.00025692987,-7.178025e-05,0.00016975374,3.6329315e-05,0.000101445534,7.6057884e-05,0.00015251465,7.420558e-05,-1.763299e-05,0.00012574768,-0.0001532759,4.7537283e-06
AF324493_8,0.00020174848,-0.00010596388,3.8328148e-05,-5.862432e-05,-5.123976e-06,8.952698e-05,2.8831357e-05,0.00012936057,-6.2463856e-05,6.7676665e-05,-2.8529377e-05,0.00012530798,-0.00010584448,9.875329e-05,0.00020888021,0.00012338696,-0.00018510765,-4.1727482e-05,1.5939586e-05,-9.363097e-05,-2.7819586e-05,1.8490216e-05,-0.00010312838,9.374304e-05,-0.00013773324,-7.314415e-05,-9.799795e-05,-8.3481835e-05,0.00013401767,-0.00015755984,-0.00013136934,4.043712e-05,4.5890614e-05,-1.7255901e-05,0.00015973368,0.000107035514,-0.000110736284,0.00017925022,0.00015451686,0.00029916794,3.1503656e-05,5.0698494e-05,6.155149e-05,6.4119826e-07,-2.7543923e-05,5.378964e-05,-0.0002696944,-2.9199433e-05,3.5728284e-05,-4.5502642e-05,-2.0024514e-05,0.00015534642,-0.00015843303,-9.2086506e-05,-6.1332175e-05,-5.618272e-05,-3.916427e-05,4.2530428e-05,8.749662e-05,4.2146472e-05,0.00015545933,7.2878765e-06,-7.127216e-05,-1.8847748e-05,-0.00010260585,0.00018162212,0.0001984093,4.557338e-06,-0.00010046518,-0.00011468899,-3.6099602e-05,6.4135174e-06,0.00010954016,-0.00016854821,6.413219e-05,-7.4027186e-05,-2.7847938e-05,-3.0431902e-05,-0.00017040288,3.8482467e-05,0.00013576889,1.0279186e-05,8.723726e-05,-0.00011161247,-0.00012074906,-3.004175e-05,0.0002441785,-1.874984e-05,0.00024121761,-0.00013623708,0.00012815776,0.00014060659,0.00024989835,-0.00012857594,-0.0001873281,2.3880211e-05,4.806342e-06,9.696833e-05,-7.501432e-05,-3.615011e-05
M17451_3,8.9704605e-05,0.00012299875,0.00020186324,0.00012596164,1.41227065e-05,4.1925112e-05,7.6106094e-06,0.0001241354,4.803791e-05,0.00018423401,3.830304e-05,0.0001125931,0.0003229308,2.3584324e-05,3.2624528e-05,0.00019877436,0.00019328277,7.332192e-05,0.00015415117,4.2282332e-05,1.1484135e-07,0.00012716699,0.000119876,5.5547815e-05,3.609357e-05,3.92276e-05,8.82387e-05,8.596866e-05,6.710236e-05,5.7610894e-05,4.0322626e-05,0.0001354834,4.4405508e-05,0.00014486662,0.000103417515,7.545926e-05,6.44098e-05,0.00012357614,8.288753e-06,0.000119182565,0.0001370492,6.5356735e-06,1.3642223e-05,-0.00016475693,-3.8513335e-05,3.3646415e-06,-6.9088437e-06,1.4251448e-05,9.768079e-06,6.075096e-06,7.02273e-05,0.00031302692,0.00012736607,5.3140644e-05,8.786328e-05,5.794733e-05,1.5715215e-05,5.1088417e-05,0.00012650607,0.00012729214,0.00014005441,7.98716e-06,5.1547053e-05,0.000103574355,0.000121206496,-1.8430761e-07,3.771103e-05,2.7948652e-06,7.34558e-06,1.5222792e-05,0.00012246771,0.00014416537,0.00011874339,5.540439e-06,8.154821e-05,0.00012428845,2.4129024e-05,8.35941e-06,0.00014906703,3.821101e-05,1.0922271e-05,4.528512e-05,0.00010212783,2.5327583e-06,4.970614e-05,3.0610427e-05,-2.8649103e-05,-3.2783348e-05,3.7176596e-05,9.125948e-05,4.18986e-06,-3.8275266e-06,4.886677e-05,6.531501e-05,5.1509025e-05,4.8341775e-05,2.5780996e-06,6.303822e-05,4.7071444e-05,2.9284316e-05
AF324493_2,0.00011347037,4.076661e-05,0.00013221106,9.1498354e-05,1.8091489e-05,0.00015762025,0.0001292088,0.0001318244,0.000103375,4.0838673e-05,-6.9321304e-06,2.3503579e-05,0.00012991411,0.00012515657,0.00013799146,0.000113230504,-2.7022283e-05,0.00010259428,0.00014519665,0.00017527552,2.5263958e-05,9.872818e-05,-2.5489699e-05,0.00012188448,0.0001957961,-4.9121154e-05,0.00014895783,0.00015653935,-3.9466624e-05,5.446148e-05,0.00012044663,0.00018754242,7.545461e-05,0.00016085546,-6.095595e-05,2.024774e-06,-0.00014502532,3.272576e-05,7.066123e-05,8.60176e-05,7.732402e-05,-5.4260487e-05,0.00016675636,-4.8803936e-06,0.00019129296,6.598655e-05,9.659157e-05,-3.3892593e-05,7.191376e-05,-1.2413166e-06,0.0001377854,-3.0102106e-05,9.1186484e-05,0.00010370021,5.4694992e-05,0.00035380764,3.7826794e-05,2.0873258e-05,0.00011315719,-0.00010273076,3.3269578e-05,-5.080867e-05,9.411358e-05,-4.3526234e-05,7.684221e-05,6.972487e-05,0.00010153233,1.0453427e-06,8.882886e-05,0.00012378095,-3.0323702e-06,0.0001506771,-4.0445334e-06,3.9145267e-05,9.0882655e-05,5.15161e-05,1.5418586e-06,3.3400822e-05,-0.000107648506,-0.00010681638,-1.9032027e-06,-0.00024301434,-5.7805388e-05,1.7468542e-06,-0.00021074421,-0.00014412277,-0.00014175217,5.0884108e-05,0.0002546857,-1.6714058e-06,0.00019946438,-4.880195e-06,-0.00020952735,2.742331e-06,-4.687609e-05,6.5468215e-05,5.083765e-05,1.8697097e-05,0.00011580712,0.00015361753
AB052995_6,8.085491e-05,8.855088e-05,0.00022304613,9.553199e-05,5.233112e-05,-3.4596167e-05,0.00016098001,0.0001555049,0.00013783154,9.0952664e-05,7.300929e-05,1.9651568e-05,7.6070726e-05,-5.4618326e-05,6.968596e-05,3.4542474e-05,3.0608833e-05,0.00013482184,-1.7019303e-06,0.00015918419,0.0001441492,-0.00010188278,-4.982303e-05,-4.733132e-05,-4.2590036e-05,0.00010397006,0.00013082677,8.180744e-06,-0.00013804657,6.201985e-05,-5.7012367e-05,0.00020342303,1.5911137e-05,-3.682174e-05,8.524835e-05,1.6576583e-05,1.5842617e-05,5.7284473e-05,0.00013969242,-3.0772695e-05,0.00012965413,0.00013110341,0.00011029548,0.00013001103,8.968635e-05,0.00023329069,0.00010553696,8.247505e-05,2.2172342e-05,0.00014513424,0.000113090195,8.8513254e-05,4.8501206e-05,-3.5495053e-05,0.00010107515,-5.2796815e-05,-0.0001300081,0.00012866675,6.99293e-05,0.00023869473,0.00019628814,3.4488035e-05,-1.1047675e-05,8.6984764e-05,0.000219908,-0.00013220691,4.9693364e-05,4.7611342e-05,0.00015436258,0.00017265687,7.944059e-05,5.9923615e-05,5.0799048e-05,4.6374294e-05,0.00018329099,0.00010943662,0.00015339615,0.00014732979,0.00011630664,1.7663555e-05,2.1496764e-05,1.00135185e-05,0.00012672294,9.524681e-06,3.7512484e-05,3.9811242e-05,5.3467484e-05,-4.6203128e-05,-5.571386e-05,0.00011057035,-2.190639e-05,-2.2932554e-05,-1.830817e-05,-2.0093225e-05,-7.019235e-05,1.8914696e-05,0.00014022343,3.5861154e-05,4.140893e-05,5.8386082e-05
K03455_3,3.086585e-05,-8.5740714e-05,0.00023172208,0.00011104921,0.00016557745,7.528799e-05,0.00015266462,-7.2599637e-06,0.00012953347,-7.376613e-05,2.7963099e-05,0.00010133696,7.51299e-05,0.00016148554,7.05088e-06,-9.520388e-07,4.3196498e-05,-1.3515064e-05,-3.640456e-05,-0.00013802947,1.9220752e-05,9.001417e-05,8.0579455e-05,0.00022745867,-4.9233957e-05,6.4315296e-05,7.0437956e-05,-0.0002366463,-0.00017375726,3.5394565e-05,0.00012615048,-4.1551044e-05,6.81164e-05,0.000102479215,7.042832e-05,-0.00014235788,7.815309e-05,0.0002643869,-3.977403e-05,0.00013909605,-1.6259492e-05,-0.00016679664,4.05315e-05,3.7391994e-05,-0.00017888368,-8.135094e-05,-9.737112e-05,-6.2981235e-05,8.562293e-05,0.00022069794,0.00020829255,1.844989e-05,7.463445e-05,3.973867e-05,0.00013972685,2.8335495e-05,0.00018493846,0.00013757289,-8.767055e-05,7.037552e-05,9.019078e-05,2.4847524e-05,3.6166093e-05,7.3507654e-05,-1.128848e-06,5.2042444e-05,0.00025749725,4.7594265e-05,0.00011206584,0.00018867821,0.0004135628,0.00027323482,-0.00011888067,9.108231e-05,-0.00012230632,1.8688686e-05,0.0002518552,-0.0001496799,-0.00010992869,0.00014674912,9.638748e-05,-3.3051103e-05,-5.152442e-05,-9.355246e-05,-6.8003283e-06,4.501877e-05,-9.90507e-05,4.7058387e-05,8.419696e-05,-4.192472e-05,-8.0989055e-05,3.194946e-05,-0.00013916232,2.1854516e-05,-9.0994836e-05,4.1325464e-05,-7.2472416e-05,-0.00017064376,0.000117155316,6.681639e-05
AF324493_3,0.0001704143,1.9480718e-05,0.00010909815,1.3357144e-05,2.911175e-05,-4.4095494e-05,0.00010923302,-0.00010862252,-4.662145e-06,0.0002652699,0.00012427283,0.00019098267,-1.7137474e-05,-7.271035e-05,-2.785825e-05,-9.207952e-05,-4.84704e-06,0.00017823877,0.00013226629,-6.843585e-05,2.3046341e-05,-6.505497e-05,-8.870773e-05,-7.7084784e-05,0.00023545336,-4.6336078e-05,2.9710984e-05,0.00014189683,0.00013784404,0.00010513423,0.00013840903,3.036118e-05,8.8262e-05,1.46894035e-05,1.5929223e-05,-5.1794814e-05,-5.1627743e-05,-0.00010040615,-2.817729e-05,-1.7446032e-06,-0.000106820844,1.5952559e-05,7.0669004e-05,-2.7297696e-05,-5.3248248e-05,-9.861809e-05,-9.4023075e-05,-1.1861382e-05,-7.85659e-05,7.745697e-06,7.572594e-06,-0.00010508137,0.00011705378,-1.0763812e-05,-9.4037005e-06,0.00027043212,0.00015217143,-2.7727832e-05,7.731348e-05,0.00018360137,-2.2571083e-05,8.297782e-05,5.8344784e-05,0.000118521915,1.1376812e-05,-3.5798985e-05,9.655294e-05,0.00013744451,0.00014619656,-1.0977436e-05,0.00014438943,5.8363694e-05,0.000107021966,-3.823574e-06,8.9781024e-05,0.00015983146,0.00022085215,-4.0610263e-05,4.277239e-05,0.00017162372,2.371145e-05,-2.4844836e-05,5.970431e-05,7.5398326e-05,-5.7160723e-06,-6.8759866e-05,-8.342743e-05,4.990972e-05,2.6568729e-05,9.81927e-05,8.811968e-05,-9.505388e-05,-4.9472837e-05,-0.00020368154,-7.3467134e-05,4.8530754e-05,6.365754e-05,0.00017346763,7.468887e-05,-0.00022271673
