GQ183623.1,-4.9642797e-05,0.0001531765,7.7781326e-05,0.00016136383,-0.00015477075,8.893607e-05,-1.1596306e-06,9.959762e-05,-8.061096e-05,0.00011048501,-9.9545854e-05,-3.6248322e-05,0.00028329043,0.00020519069,0.0001033706,-9.234937e-05,0.00012656012,-2.4720724e-05,0.0002184378,0.00015679703,-3.466543e-05,9.569497e-05,-7.819288e-05,-6.391927e-05,7.268032e-05,4.0958133e-05,-1.8934189e-06,0.00016466402,0.00010187673,-4.612763e-05,1.0297587e-05,6.359614e-05,1.1014486e-05,7.722561e-05,-4.106552e-05,6.9886606e-05,0.00015305764,0.00010296036,9.560814e-05,7.38432e-05,-0.00017901105,4.613903e-05,7.213344e-05,-8.25481e-06,2.8042487e-05,0.00014133501,1.3863471e-05,0.00015016568,3.7175963e-05,0.0001078756,3.441785e-05,2.737998e-05,9.5732044e-05,-5.8996422e-05,-4.422119e-05,0.000108472595,-9.259651e-05,-0.00021286237,6.202874e-05,1.5292071e-05,8.016215e-05,-0.00015222422,-0.00018585646,8.279294e-05,-5.2892974e-05,0.0002599202,-1.2043503e-05,-7.676791e-05,5.3746662e-05,7.061536e-05,-5.5016037e-05,1.5213065e-05,0.00016215876,-4.077286e-05,-3.072402e-05,2.6849095e-05,-0.00013821764,0.00021873359,5.25856e-05,0.00013157446,-0.00012576551,0.00010523845,1.899347e-05,3.418662e-05,-4.14289e-05,0.00022354026,0.00013288212,0.00014405498,0.0001953215,5.5615714e-05,-1.5863747e-05,0.00010070731,-9.7191805e-05,-4.335718e-05,5.1253148e-05,-7.061417e-05,6.644756e-05,-3.643929e-05,0.00017919001,2.8430886e-05
AY278488.2_4,-4.780399e-05,0.00014334534,0.00024541753,8.402101e-05,-1.6835958e-05,6.992807e-05,-6.5151785e-06,7.076528e-05,1.6348366e-05,-0.00010664022,7.3800664e-05,-6.6365164e-06,-3.9429073e-05,5.389469e-05,-4.808021e-06,-1.1690798e-05,9.30205e-05,4.4898057e-05,0.00014279156,0.00015457792,7.898723e-05,-0.00019107308,0.00017946458,-7.5439806e-05,4.8069116e-05,-0.00020446643,1.542436e-05,0.00016623568,8.334058e-05,0.00013849823,8.356164e-05,0.00017006096,-0.00011826497,6.118228e-05,0.00013780974,0.00011080362,7.9700134e-05,-3.3513603e-05,-9.62103e-05,8.4011815e-05,4.4485188e-07,0.00011590262,8.0783524e-05,0.00016831515,0.00010999072,4.379324e-05,8.407561e-05,5.1358966e-06,-5.0993378e-05,5.7173653e-05,0.00018693035,-8.4840285e-05,-3.035812e-05,-1.3107402e-05,0.00010000857,0.00021986158,8.1853985e-05,0.0002691097,6.0738977e-05,-5.7155215e-05,-7.302441e-05,0.00014195169,-9.5920404e-05,0.00018145556,9.212685e-06,0.000136311,-2.2490696e-05,-3.1969405e-05,-4.3880125e-05,-3.312909e-05,8.609911e-05,8.011704e-06,-1.0132086e-05,0.00010368378,2.2426317e-05,-6.546139e-05,-0.000111671725,4.4179407e-05,0.0001555439,-0.00014171167,2.5136875e-05,-7.4802745e-05,0.00015164707,-0.00014137682,6.5248634e-05,-3.3867836e-05,-6.0995724e-05,9.5660536e-05,4.8784e-05,9.556137e-05,-0.00014977838,9.80662e-06,8.847748e-05,-0.00015290332,2.0907619e-05,8.03495e-05,-1.6493308e-05,-6.949693e-05,-0.00023921505,5.184013e-05
AY961628.3,-8.7692686e-05,9.207482e-06,0.00023888875,0.00015048262,-2.1992926e-05,0.0001450363,6.8966466e-07,0.00016020672,8.060783e-05,0.00011133087,3.638914e-05,0.00021991917,0.00014090833,-4.0430437e-05,-5.1795592e-05,5.903677e-05,0.00013569862,-4.6199988e-05,-0.000110002344,0.00014154016,0.00014859448,-2.252294e-05,0.0001180605,0.00011860028,-1.0132394e-05,2.8825189e-06,4.186989e-05,-9.5904485e-05,5.7041834e-05,-0.00011738541,-3.7615988e-05,-4.1736977e-05,0.00023685355,5.572165e-05,-2.4663124e-05,-3.177698e-05,-1.3673584e-08,-2.5594794e-05,-7.070752e-05,-4.2435353e-05,0.00018003146,2.7976332e-05,0.00023650887,0.00015680754,-1.7509216e-06,-0.000107522945,0.0001752277,-6.176843e-05,8.96144e-05,0.00019567902,-9.574048e-06,0.00011114107,-2.5085516e-05,-0.00010621863,-2.204153e-05,3.9247283e-05,1.5173127e-05,0.00021563983,2.7731909e-05,5.438634e-05,9.005856e-05,-3.1872107e-05,1.7415514e-05,-0.00014807904,0.000119879194,0.00019237107,6.383571e-05,9.521815e-05,-3.4107397e-05,-0.00017478978,1.278497e-05,6.976238e-05,-0.00020948722,0.000150388,-0.00019681612,0.00024354341,-2.8877157e-05,0.00024169705,7.245101e-05,2.6099482e-07,0.00021086374,-5.9600465e-05,0.00017225258,0.00012551804,-0.00012475041,5.1988485e-05,-4.934456e-05,0.00014416163,-3.9134815e-05,-6.243538e-05,-0.00010462419,6.5355314e-05,0.00013949744,4.504052e-05,-7.954221e-05,0.00017542737,-8.523078e-06,-3.244038e-05,0.00026746775,-9.636572e-06
GQ183624.1,7.538882e-05,0.00020965216,4.05085e-05,-5.3522497e-05,0.0001415501,4.5838417e-05,-2.3981158e-05,9.719142e-05,5.0431636e-06,0.00010182401,0.00010684631,0.00012698746,7.81966e-05,9.420274e-05,0.00012862383,-1.2881239e-05,-3.5203702e-05,-2.4635006e-05,0.00022063708,4.658479e-05,6.047943e-05,-5.02523e-06,0.00018792132,-3.3637218e-05,4.7423047e-05,4.5410845e-05,-4.0918796e-05,-4.152628e-05,0.0001708632,0.00015819495,0.00012316993,-1.3422391e-05,0.00019096512,-5.2615087e-05,0.00016363837,0.00012856022,-5.1617288e-05,5.4302775e-05,0.00015143001,-0.00023808761,0.00015681972,0.00010177972,0.0001358163,-5.7259596e-05,-0.00018241815,0.00014082516,-5.1203657e-05,-4.1788135e-05,2.9672628e-05,0.00016749224,0.00013281812,0.00011602089,1.9869234e-05,1.2175556e-05,9.049473e-05,-3.3700187e-05,9.594587e-05,0.00025678458,0.00013729454,4.9102728e-06,-2.5304205e-05,2.7014261e-05,1.5314801e-05,4.851644e-05,0.0002938587,0.0002786871,-6.9029906e-05,-7.909275e-05,-1.6883474e-05,0.00024098154,-5.9053295e-05,0.00012919688,0.00021329882,8.843885e-05,0.00024106218,3.6848007e-05,0.00011192638,-7.4558324e-05,-7.6038195e-05,8.869452e-05,0.00012678916,1.8322238e-05,-1.9081603e-05,0.00017087674,-0.00014914093,0.00026448554,-1.6141848e-05,0.00010066948,0.0002020783,0.00023615059,-0.00021670797,0.00017828909,0.00010474332,0.000102396865,0.00014489889,1.0010481e-06,0.0001439948,3.4407447e-05,-0.00019236298,8.077396e-05
NC_001357.1,4.1436604e-05,9.779582e-05,4.060874e-06,0.00018503681,0.00010977528,8.300543e-05,1.9659085e-05,0.00018831452,-2.9163819e-05,9.842012e-05,0.00019308983,7.244746e-05,9.498988e-05,0.0001645851,-0.000117380376,-4.5412107e-05,0.00014151739,-0.000120478806,0.00012082465,-2.6942334e-06,6.888892e-05,-0.00017604654,6.1032286e-05,-3.8866172e-05,0.0001054538,4.4653807e-05,0.00013993114,0.00010213395,4.194798e-05,-5.7200752e-05,7.04834e-05,0.00014110135,2.9308892e-05,-9.854057e-05,0.00010811718,4.0084997e-05,8.642828e-05,3.153946e-05,-0.00011341254,-1.5605081e-05,5.163659e-05,5.5517292e-05,0.000142466,-8.4180676e-05,6.045975e-05,0.00025917336,0.00016972725,0.00011196059,4.4844583e-06,-0.00012758932,4.8083202e-05,9.7960976e-05,-4.03209e-05,8.163705e-05,7.568142e-05,0.00011831524,3.346579e-05,0.00018804289,-3.2409906e-05,-5.018336e-05,0.00013331432,2.4812123e-05,2.2410506e-05,0.00010432528,5.1300885e-05,1.0810043e-05,0.0001252763,0.0001218116,0.00016718467,1.9196402e-06,6.59636e-05,0.00019974395,0.000120268174,3.332501e-05,1.7257227e-05,-2.998707e-05,-6.651959e-05,-0.00017201094,3.3466997e-05,0.000122764,-8.107872e-05,8.6589625e-06,6.3393374e-05,9.2607545e-05,3.535603e-05,0.0002130624,3.5117402e-05,3.872808e-05,0.00010571204,-1.0520737e-05,-7.518653e-06,-0.00033131876,0.00024518065,-8.5192456e-05,4.8940405e-05,0.00017345393,-0.00017075795,4.1149196e-05,-6.9388116e-05,7.241908e-05
NC_001798.2_3,7.391735e-05,7.178609e-05,6.3509804e-05,0.00018637638,8.509528e-06,7.0062495e-05,0.00015731102,1.42817e-05,-0.000109761975,2.558796e-05,-5.0355397e-05,1.0408165e-05,5.6972363e-05,-3.1297906e-05,-2.9274347e-06,0.00016586912,0.00010956139,-0.00013049303,0.0001399404,-2.1480411e-05,0.00010190335,-2.9760986e-05,7.1411574e-05,0.00014113677,3.279504e-05,-6.176922e-05,0.00010489758,-2.672803e-05,6.430574e-05,-7.8133824e-05,9.1330825e-05,4.1057952e-05,-0.00018877674,0.00020033993,-7.741333e-05,-0.000101502555,-2.8250905e-05,0.00021444302,1.0106978e-05,-6.7421474e-06,2.8331386e-05,0.00013801649,-0.0001358978,0.00024141985,0.00019519121,7.435355e-05,0.00013158256,-3.0039393e-05,7.7582234e-05,2.1328218e-05,0.0002267139,0.00013417588,6.9492958e-06,0.00013002944,-0.00013066971,4.929055e-05,3.070131e-05,7.417482e-05,0.00013229181,-1.8145043e-05,0.0001564696,7.421103e-05,0.0004436326,-8.134114e-06,-0.00012780559,0.00039878924,0.0002172711,-0.00016193662,0.00022118079,4.339152e-05,0.00010149613,0.0002649273,-4.3808427e-06,-0.00021593021,0.00011024919,-6.926645e-05,-0.000106465515,0.00016569784,0.00012400886,0.00019890035,0.00027149206,-2.6094056e-05,-2.8318364e-05,-0.00020770285,-0.00016185512,-3.8610153e-05,-0.00012350622,0.00026424613,-0.00018745536,0.00012003823,2.0950065e-05,-6.444163e-05,-0.00010390402,4.8625207e-05,-6.556352e-06,-0.0002622055,8.957278e-05,0.00033128745,0.00035901763,-0.00018559734
EU262658.1_2,5.836958e-05,4.735891e-05,9.266285e-05,6.829312e-05,-8.222067e-06,0.00013532126,-9.011427e-05,2.1973678e-05,-3.5256453e-05,4.7376183e-05,0.00015089972,0.00014858552,-5.830955e-05,0.00025274785,0.00015375475,-9.893077e-05,3.0714575e-05,-2.779191e-06,0.00010667908,7.8673846e-05,3.464771e-05,-4.794094e-05,-6.408067e-05,7.710811e-06,-0.0001669015,5.8466427e-05,-3.4688997e-05,0.00016722282,2.2839225e-05,-0.00014135774,-9.2472954e-05,1.1870873e-05,0.00012030339,-9.268524e-05,3.2359203e-05,-3.512364e-05,0.00015958097,0.00015292295,-8.7362125e-05,3.3037977e-05,-6.214312e-05,5.541731e-05,-2.0140342e-05,-0.00010007259,9.376524e-05,-2.3040557e-05,-0.00018064903,9.527441e-05,0.000110322675,0.00010856102,2.1629301e-05,5.2379246e-06,4.075711e-05,-6.703089e-05,-2.8936123e-05,-0.0001388955,3.0191944e-05,0.00029234428,0.0001057436,5.2199444e-05,0.00016085777,8.539526e-05,0.000150467,-1.0713967e-05,0.00015259314,0.00017810985,-3.510904e-05,-5.093542e-05,0.000116683266,-2.2085222e-05,1.7958251e-05,0.00021521459,0.00015600727,-5.431793e-05,7.300539e-06,5.2608397e-05,9.9557124e-05,-0.0002172863,-3.625598e-05,5.0885967e-05,0.000117298245,-1.16512065e-05,7.669195e-05,3.241048e-05,0.00014809296,-0.00012938256,8.3429084e-05,0.000330172,0.00010418056,0.00019901645,-5.826919e-05,-0.000121835445,0.00010225693,2.0156702e-05,-0.00016321967,0.00010067604,-0.00015690352,5.4750843e-05,0.00022077512,9.379031e-05
AY451891.1,-9.3319664e-05,-0.00012728068,0.00013045686,-3.0886233e-05,-6.6568384e-05,-0.00011795368,1.7399794e-05,0.00017407167,4.75393e-05,0.0001297916,0.000111291905,0.00019600317,3.9927374e-05,-5.3669854e-05,-1.628568e-05,-0.00012547603,7.692992e-05,-0.00010368092,-8.8563764e-05,-2.2930515e-05,4.5862985e-06,9.5661735e-06,-2.2267484e-05,7.267569e-05,0.00023170096,4.2571068e-05,0.0001329592,-4.226939e-05,3.76524e-05,-1.2506863e-05,-0.00010272258,6.623007e-05,2.0969126e-05,7.204194e-05,9.3935596e-05,1.5141691e-05,-4.6721125e-05,3.4227419e-06,0.00012584998,-3.9283386e-05,3.3771797e-05,-3.0617528e-05,-0.00011266261,0.00015551061,6.014566e-05,6.6520646e-05,4.4567398e-05,-7.989382e-05,-0.00020053878,-0.00019456158,0.00017355624,5.9603604e-05,-0.00017113186,3.6935937e-05,9.2118426e-05,0.00021710343,-1.5868784e-05,0.00012121997,8.9773814e-05,2.6208625e-05,1.2635297e-05,3.6165327e-06,1.9746682e-05,0.00010273009,1.6803788e-05,8.936908e-05,0.00019194427,3.3346358e-05,5.147322e-05,-9.159075e-05,-5.468733e-06,-3.8167316e-05,9.8547214e-05,0.00011473343,-8.256761e-05,-0.0002157475,2.2130262e-05,8.783999e-05,7.8173915e-05,-0.00018190012,0.00015092023,0.000298469,-0.0002198043,-8.500961e-05,0.00018445676,3.588028e-05,8.74775e-06,0.00014258162,9.165047e-05,-0.00016160386,2.3478558e-05,-0.00016235134,7.0835595e-05,0.0002520617,-4.2783537e-05,0.00010660104,0.0002716509,-0.00021285677,-4.0880677e-06,-0.00027027386
D17763.1,0.00013178706,6.565761e-05,0.00014205909,1.8141758e-05,0.000102489386,-3.1518342e-05,8.365326e-05,-6.480452e-05,-2.045488e-05,0.00020202345,2.3546392e-05,-0.00016489394,-8.158011e-06,-3.118095e-05,-0.00013701132,-0.00011601128,0.00010875759,-0.00013657736,-5.176132e-05,0.000101392136,-4.906597e-05,0.00012845724,2.2930635e-06,6.6723864e-05,-0.00011788872,-4.4457105e-05,0.00014287682,-4.685462e-05,-2.3790892e-05,-0.000108673645,0.0001355937,-8.7536055e-06,-6.706221e-05,7.5308926e-05,-8.761487e-05,-0.00011495982,-4.7680358e-05,-2.2437798e-05,-5.8182606e-05,-8.1150094e-05,-0.00019532882,-0.0001915927,8.867783e-05,-6.761053e-05,0.00010145996,0.00015170623,-0.0001265029,0.00011136233,0.00018435961,0.00018827524,-4.5180084e-05,-4.003414e-05,0.00018991773,-0.00016380688,0.00010136634,-8.790973e-05,-0.00010641249,5.3582604e-05,0.00011527874,-6.809873e-05,-6.091639e-06,0.00010902828,6.968027e-05,0.0001423085,0.00011217281,6.324006e-05,0.00020630294,-0.0002204198,0.00011155576,0.0001353444,5.3088806e-05,-7.742765e-05,0.00012561608,1.4503216e-05,-5.82174e-05,-2.945277e-05,7.3657895e-05,-8.0950245e-05,2.8805849e-05,2.6050402e-05,-1.949665e-05,-6.1807674e-05,-3.4757642e-05,5.391241e-05,0.00012992666,5.7218895e-05,0.000111617934,1.9496224e-06,0.00015500013,0.00011460733,5.113281e-05,8.4476436e-05,5.1864725e-05,8.274234e-05,6.261275e-05,2.450055e-05,-0.00015589567,6.0375492e-05,-4.457315e-05,6.9801434e-05
NC_004718.3_2,0.00014156828,-5.658146e-06,5.846832e-05,-1.4369967e-05,-3.455285e-05,-3.9843086e-05,-7.049748e-05,-0.00023041983,7.3702766e-05,7.2049326e-05,-5.4950415e-05,8.044555e-05,6.706514e-05,-0.00017150516,0.00011979176,0.00013044784,-6.887278e-05,-4.9936443e-05,-2.6197433e-05,-0.00011569664,-5.7916233e-05,0.0003474977,-8.2661936e-05,0.00015737241,-4.5608573e-05,1.2418475e-05,-4.1320378e-05,9.489056e-05,-9.0508394e-05,3.469299e-05,-0.0001428197,2.8449054e-05,0.00019780816,0.00026085848,-0.00011474412,-2.5563131e-05,7.946472e-05,0.00015385918,-2.608986e-05,0.00019409193,9.732762e-05,0.00010428993,2.6283224e-06,0.00013548516,9.841404e-05,5.3063406e-05,4.0275925e-05,-0.000103637736,0.00019239815,-4.8906382e-05,0.00015173793,0.00016446534,3.636059e-05,5.933015e-05,5.2524374e-05,-2.764896e-05,-1.1757424e-05,-5.055225e-05,0.00014957711,8.260836e-05,6.959263e-05,-0.00033669177,7.339529e-05,-3.3967623e-05,0.00014757365,2.0289994e-05,-2.6925833e-05,-3.1456795e-05,0.00015963516,-6.277355e-05,-6.0253886e-05,7.960259e-05,0.00020279587,-4.4144355e-05,0.00015918621,0.00014352602,0.00013243871,1.9579724e-05,-4.4754313e-05,2.5057221e-05,1.3419666e-06,0.00012246596,0.000106272615,-0.00016895578,0.00012525648,-0.00014981648,-4.143264e-05,6.052837e-05,-0.00010704111,-7.5266595e-05,6.46615e-05,-8.037944e-05,6.595654e-05,-7.146227e-05,0.000118634045,0.00014871378,0.00029903368,9.8958466e-05,0.00012203298,-9.216387e-05
NC_004718.3_1,8.645877e-05,-5.616919e-06,-3.3558445e-05,-2.2262759e-05,4.631128e-05,-5.928644e-05,-3.4597622e-05,-0.0001128323,0.00013564048,0.00016907981,0.00010016657,-0.00016115575,0.00011302205,8.4141255e-05,8.012445e-05,0.00011341685,0.000108984794,-2.3917872e-05,-3.4304805e-05,0.00015120528,-6.3701873e-06,-8.0623235e-05,-8.016987e-06,-1.2168732e-05,7.959604e-05,9.8609096e-05,0.00017355406,2.413327e-05,-6.2496333e-06,9.8329816e-05,8.688017e-05,-0.00015554395,-3.4321636e-06,0.0001265651,-3.1119576e-05,-5.586773e-05,0.0001506639,-0.0002296073,7.499907e-05,7.579434e-05,-4.1984196e-05,2.8964449e-05,6.419651e-05,-4.3710293e-06,4.603164e-05,-7.277891e-05,-1.30609515e-05,4.030735e-05,0.00016012577,-3.6069403e-05,0.00013606499,0.00015642447,0.00010099408,0.00012314421,-0.00013723558,-7.018425e-06,-1.6455708e-05,-0.00013211506,3.2390704e-05,4.577456e-05,9.7657234e-05,-0.00015190014,-0.00013073905,0.00017236087,-5.3020776e-05,-6.614628e-05,-0.00011239394,-6.8121655e-05,-4.7492795e-05,0.00021968117,0.00013437287,-9.836695e-05,1.1303306e-05,3.7866914e-06,-6.7083594e-05,0.0001726925,6.3728156e-05,0.00010319101,3.086538e-05,6.873307e-05,-2.6569114e-05,0.00011066721,-6.1675186e-05,0.00012134966,9.441316e-07,8.5364896e-05,0.0001816911,-0.00010155372,0.00017346579,3.1744647e-05,-7.34967e-07,3.3427707e-05,-7.695578e-05,0.00024650048,-8.110302e-05,-0.00014361905,-2.2314573e-05,0.00023429703,-3.1913154e-05,-4.870414e-06
AY278488.2_2,5.1222585e-05,-2.3802554e-06,9.5338815e-05,0.00016023607,3.9673672e-05,8.291534e-06,6.123184e-05,0.00016768978,0.00015169178,0.000112942056,0.0001750319,5.481413e-05,9.7550124e-05,-4.5217197e-07,2.7068148e-05,0.00013770904,0.00010845486,7.479766e-05,0.00010125067,0.00010443096,4.398421e-05,0.0001295921,0.000114038514,7.6814504e-05,0.00010586647,0.00016773686,1.2027465e-05,9.381452e-05,3.0087002e-05,0.00014262737,-1.5997815e-05,0.00013258081,0.000102488055,0.00010948189,1.719193e-05,0.00013319077,0.00014344408,3.3956116e-05,4.3413467e-05,0.00013713105,6.415732e-05,0.00012575943,0.00013411819,4.9061986e-05,1.1705447e-05,0.00014141032,0.00014098473,3.1878208e-05,8.33114e-05,0.000110918685,2.7527425e-05,0.00013792506,9.720188e-05,0.00010878547,5.3598942e-05,0.00013253669,2.2006388e-05,0.00017568232,0.00031363746,6.4139815e-05,-1.7287426e-05,0.00020578314,0.00010895818,6.692043e-05,0.00020338384,0.00012542549,2.7641247e-05,0.00016592508,8.5553926e-05,0.00014981485,0.00018479004,-2.4893141e-05,0.00018076177,9.350257e-05,0.0005024095,7.3171354e-06,9.275849e-05,6.297852e-05,5.747666e-05,0.00011720026,-4.1041843e-05,-9.55783e-05,0.00015549852,0.0001502744,0.00016277556,0.00010402602,0.00020558304,1.2018555e-05,4.062389e-05,0.00025935558,0.00016318787,-1.215403e-06,3.8302924e-06,9.733422e-05,3.9372906e-05,5.7786903e-05,5.8078662e-05,3.3974407e-05,6.4198524e-05,7.874758e-05
EU262658.1_3,9.1538706e-05,5.4966345e-05,0.00010648438,6.657716e-05,0.00015589982,9.648859e-05,0.00013942453,7.917607e-05,0.0001409375,3.1853102e-05,0.00011051159,0.00026371755,0.0001242982,8.1894905e-05,0.00018177337,-5.2807027e-06,0.00012014058,0.00024708876,0.00016989968,-0.00012963064,-0.00013519828,0.00024356623,0.00016975672,6.461986e-05,-4.8368514e-05,0.00013212959,-5.2792468e-05,0.000107871354,6.146122e-05,4.2250605e-05,2.7953174e-05,2.524626e-05,-2.6591467e-06,-3.539577e-05,0.0001890212,6.4839995e-05,0.00016259297,-1.904058e-05,3.727936e-05,-9.891529e-05,4.577167e-05,-5.4184704e-05,0.00031355082,0.0001272786,-1.8461265e-05,0.0001596954,-2.6063271e-05,0.00012528415,0.00029328262,0.00024948205,5.2585558e-05,0.00014195265,4.073e-05,-0.0002045865,-0.00029525172,6.662385e-05,0.0002995392,3.422086e-05,7.45545e-05,0.00019772563,0.00046343778,8.095747e-05,8.224625e-05,7.10979e-06,0.000293462,-0.00012431889,0.00036294316,-0.0001263066,-2.692724e-05,0.00018741765,1.1637432e-05,-0.00011162375,7.271769e-05,0.00016422587,-1.2320267e-05,0.00026471436,-0.0003786067,-0.000108328524,-1.6218168e-05,-9.602318e-06,9.0882575e-05,0.00018861213,6.3673884e-05,0.00014344534,-0.00028874582,-3.417913e-05,0.00023115861,7.323074e-05,0.00022506493,2.3858543e-05,0.00027815497,0.00017691677,8.392087e-05,0.00021128486,0.00012725491,-0.0001422742,2.4599885e-05,0.00042694822,0.00014572064,-6.143483e-05
AF206518.2_4,0.00020674433,-7.2106304e-05,-1.4018987e-05,2.8422228e-05,2.7849166e-05,8.814037e-06,-4.06624e-06,9.621337e-05,0.00013595007,3.9123555e-05,0.000105166546,7.367358e-05,-8.886905e-05,0.00010236746,-2.9740699e-05,-0.00015140088,-3.1090665e-05,-9.811804e-05,9.649724e-05,0.00021505685,0.0001797542,-8.721898e-05,0.00015106869,-3.0332101e-05,0.00011537256,-5.4181615e-05,6.386387e-05,8.9322246e-05,3.6235615e-05,0.0001493709,0.00013939351,5.587761e-05,0.0003694283,0.0003055804,0.00018829532,9.4909345e-05,3.863008e-05,4.258117e-05,0.00018025779,0.00024329066,2.8400673e-05,-7.6547316e-05,2.0476447e-05,0.00010369606,-7.3721014e-05,-3.4828267e-05,-2.3625248e-06,0.000101290185,0.00011181138,0.00014840331,-4.7451023e-05,0.00013579235,9.710729e-05,-4.338546e-05,-0.00011568981,0.00016649533,0.00014555176,-8.802379e-05,-3.717651e-05,7.292882e-05,-4.3138043e-05,0.00014436954,0.00037590423,0.00015638261,3.685361e-05,7.47242e-06,0.000101688915,0.00015032978,0.0001672046,-4.292479e-05,5.4781827e-05,3.741816e-05,-6.733379e-05,0.0001054639,-0.00011508795,-2.2537088e-05,2.6297408e-05,4.530485e-05,-0.00012133367,0.00014890995,5.8036367e-05,8.373472e-05,-9.085241e-05,0.00018016265,7.4818476e-05,9.53537e-05,-1.4006648e-05,-1.6038306e-05,9.893831e-06,1.7824017e-05,-9.991983e-05,2.5335941e-05,0.0002998273,1.5401032e-05,0.00012583718,-1.8550614e-05,-3.9603915e-06,0.00022722228,3.7389116e-05,9.554445e-05
NC_001798.2_2,5.1184383e-05,6.857342e-05,6.597065e-05,0.00016122322,0.00010479606,-2.9739305e-05,0.00018829758,7.8798456e-07,6.2847e-05,0.00012639115,4.550747e-05,0.00013560665,0.00010662719,9.426235e-05,0.00022489256,0.00022067885,-7.3456555e-05,4.4315904e-05,0.000113540525,0.00017623842,-2.5736419e-05,-1.4135786e-05,0.0005309881,0.00043722425,0.00033533637,1.6055055e-05,0.00014566752,0.00015657484,0.00012839289,0.0003111976,0.00020008236,4.411245e-05,-0.00018730502,5.184906e-05,-6.2495084e-05,2.3544539e-05,2.6514366e-05,0.00011474649,4.5442226e-05,0.0001419265,0.00014566562,2.066481e-05,6.615874e-05,8.627443e-05,3.8648985e-05,3.867485e-05,-7.842768e-05,0.00011603355,0.0005372745,0.00032377252,7.0836024e-05,-0.00011940174,0.00045961887,4.1318057e-05,-0.00021526265,-8.61997e-06,3.6107565e-05,-7.1479975e-05,3.540882e-05,-9.226094e-05,0.00019757698,0.00018332562,8.612461e-05,8.597281e-05,2.9930694e-05,-0.00013991393,1.3878682e-05,-1.570824e-06,-8.031345e-05,0.000112157584,-7.998026e-06,5.6607852e-05,0.00012434115,-1.8339764e-05,0.00010395289,0.00022607927,0.00011058574,7.437549e-05,3.720466e-06,6.897301e-05,7.887541e-05,2.3605144e-05,0.00015136992,-0.00010991028,6.0274553e-05,-5.841574e-05,-3.1600666e-05,-0.00023060203,-0.00012493038,-1.594633e-05,-0.00011404744,7.829901e-05,-7.117889e-05,-5.7261855e-07,0.00012540063,-4.6743382e-05,2.9599089e-05,1.0659991e-05,0.00011403035,7.271436e-05
X00203.1,0.00016061646,6.4331216e-05,0.00022485066,3.922428e-05,3.743636e-05,9.416217e-05,2.6009444e-05,2.463267e-05,5.2063106e-06,0.00017163873,1.8185101e-05,2.558477e-05,6.3103915e-05,0.0001176118,7.236661e-05,0.00012830603,9.992599e-05,0.0001527422,9.9518824e-05,6.0396553e-05,3.0964806e-05,0.00017661658,6.897126e-05,0.00014325354,0.0001399475,2.5898667e-05,8.1769285e-05,0.00016985177,7.236951e-05,0.0003320835,0.00024186945,3.5794799e-06,-3.732968e-05,0.00019875744,0.00021268208,0.00024253994,-0.00015254719,0.00014634534,3.5038538e-05,-2.0766543e-05,2.1637949e-05,-9.366531e-05,-9.68625e-05,9.641385e-05,0.0002063343,0.0005101541,-7.294167e-05,-0.00012960524,5.0107037e-06,8.613025e-06,-0.00013125071,-9.058077e-05,1.7557526e-05,0.00018583829,1.0639237e-05,0.0001532581,2.3179511e-07,0.0001276273,7.941538e-05,0.00018030086,0.0001577757,0.00024394687,3.521163e-05,8.057356e-05,0.0001529212,4.689817e-05,6.5953376e-05,-5.9492115e-05,-6.985483e-07,5.645463e-05,-0.00022321256,8.484849e-05,-6.430376e-05,-8.762551e-05,0.00015073188,9.239926e-05,0.0001247048,0.00012771196,6.255504e-05,-4.4674132e-05,-6.662572e-05,9.31898e-05,-3.754221e-05,8.8214816e-05,4.0170795e-05,0.00018809855,0.000110799825,4.300135e-05,-3.2722346e-05,-1.9816163e-05,2.3700966e-05,0.000104427825,0.0001567699,7.780191e-05,5.4423333e-05,-2.7582448e-05,-6.813615e-05,7.813859e-06,0.00010861228,0.00013447087
U95551.1,0.00013870909,0.0001248809,2.8423869e-05,6.956235e-05,5.5372075e-05,0.00012241983,6.053514e-05,8.052156e-05,3.375441e-05,0.00014328996,3.7220892e-05,1.604051e-05,0.00013238196,0.00011768223,0.00018936768,0.00010359668,0.00012110498,1.659093e-05,0.00010752515,3.5997648e-05,-3.5546505e-05,0.00015992741,0.00010445254,0.00011260433,5.804739e-05,2.2268418e-05,4.3261844e-05,-0.00017847624,0.0001502116,0.00025965463,0.00017279375,0.00017526689,0.000106607775,0.00018092511,3.0081195e-05,0.00015571754,0.00010036877,3.929817e-05,-0.00016873181,-8.302465e-06,-9.856583e-05,5.7817037e-06,0.00012710401,8.4623625e-06,3.211126e-05,-3.2504047e-06,8.352507e-05,2.724032e-05,-7.930709e-05,7.746757e-05,8.275868e-05,0.00021036803,9.2764305e-05,-6.136854e-05,3.4002387e-05,1.0910258e-05,4.6132707e-05,0.00019944792,1.3861477e-05,1.531107e-05,-2.6099253e-05,-0.00011031654,-2.568137e-05,9.443832e-05,7.0903785e-05,9.2098984e-05,2.7218559e-05,-2.5107423e-05,8.8368564e-05,6.5679065e-05,0.00016553763,0.0001540949,-5.7314675e-05,4.4973975e-05,-7.0357804e-05,5.936314e-05,0.00018043697,-0.00010771399,-0.00011861033,8.752953e-05,0.00016001552,9.3495626e-05,4.09038e-06,4.3246942e-05,1.05631225e-05,0.00015988087,1.89548e-05,6.980479e-05,6.364337e-05,0.00014770954,8.372282e-05,7.038867e-05,2.0961854e-05,-0.00012934844,-3.609232e-05,-4.813802e-05,-1.7589233e-05,0.000105906576,0.0001961262,9.488231e-06
M58335.1,-3.8541275e-05,-0.00012166905,0.00018297289,4.2957432e-05,3.3039276e-05,6.742192e-05,4.274466e-05,3.3408243e-05,-1.9259533e-05,7.419076e-05,0.000117583266,6.5743945e-05,5.5794982e-05,3.317949e-05,-0.00013616915,1.735008e-05,0.00014644914,1.7950715e-05,0.0002462515,1.30859335e-05,-0.0001574854,4.105669e-05,0.00010318663,-4.6031822e-05,-1.5443533e-05,-4.031243e-05,-6.523482e-05,-0.00011901311,-4.1055155e-05,0.000118365606,9.765966e-06,-9.511058e-05,7.2818104e-05,7.334835e-05,-8.7342094e-05,4.8660688e-05,0.00011097936,-0.00016214667,0.00024922853,0.00012461065,0.00016909897,7.910175e-05,0.00014101318,-1.1765428e-05,-1.1221102e-05,-7.38433e-05,-9.002612e-06,-1.6257898e-05,-9.892223e-05,0.000103300714,3.336271e-05,0.00015572555,4.4745553e-05,0.00012587292,-4.107495e-05,0.00018566611,-4.4411972e-05,-0.00016215863,0.00013485372,-2.098198e-05,-0.00011861078,-0.000127345,2.0380401e-05,-2.9199446e-05,1.4599825e-05,-4.8912836e-05,6.0042417e-05,0.00013784443,6.040567e-05,0.00020127094,1.2659594e-06,-7.195091e-05,0.00019405037,-8.377066e-05,0.00020395686,0.00021195922,-0.00033024064,0.00014439013,0.00023289389,2.9881046e-05,7.654434e-06,9.9611e-06,0.00023198055,-1.5073957e-05,-1.0692639e-05,1.2940841e-05,-9.3190174e-05,0.00017574262,-1.688391e-05,6.663459e-06,5.426144e-05,0.00021318565,0.00014587471,0.00012630154,-1.7183515e-05,6.31641e-05,7.2328025e-05,2.465356e-05,-3.2984895e-05,1.8229961e-05
AF302996.1,-5.6436507e-05,0.00019756774,5.852518e-05,0.00015380183,8.354787e-05,-3.712964e-05,5.9760536e-05,0.000122219,-9.931748e-05,1.0642072e-05,3.8755985e-05,0.00011907608,0.00023449014,0.00010628446,9.834362e-05,0.00019750663,-9.125055e-06,4.675575e-05,0.0001261586,1.5676113e-05,0.00015999624,2.248449e-05,1.7770131e-05,-8.37121e-05,-1.9451196e-05,-2.6071357e-05,-8.5673106e-05,-3.1121308e-05,0.00014137848,5.8919944e-05,-5.2015366e-05,0.00012912789,5.698656e-05,1.5851978e-06,7.1053124e-05,0.00036948652,-6.367206e-05,-0.00017228474,-0.00012509427,-0.00012109563,-1.7905936e-06,0.00027023308,5.5123575e-05,9.243778e-05,-9.508707e-05,0.00011792273,3.3203843e-05,0.00020154694,7.074799e-05,0.000102504,6.346011e-05,8.00392e-05,3.043293e-05,0.000138848,-0.0001954047,9.887113e-05,4.7718622e-05,-0.00013551094,-2.4060422e-05,-9.4089824e-05,-0.00013981183,-8.8217e-06,5.069298e-05,6.387125e-05,-1.814183e-05,2.9225766e-05,5.9563852e-05,-1.3318304e-05,-5.014336e-05,-1.7817638e-06,-2.6835718e-05,0.00027963112,5.014194e-05,-0.00010163984,6.251176e-05,-1.5518835e-05,-0.00016575209,0.0001210625,5.220117e-05,4.020964e-05,0.00015858733,-6.358316e-05,1.2470133e-05,4.740294e-06,-0.00011126056,-2.6208467e-05,6.755088e-05,1.4942368e-05,3.6678382e-05,6.610083e-05,-0.00014971077,4.9477912e-05,8.264801e-05,-1.3004009e-05,-7.883529e-05,3.575136e-05,0.000116824594,8.9258356e-05,-2.3498134e-05,9.699266e-06
AY278488.2_3,0.00010711559,-1.9090437e-05,7.2472365e-05,0.000110179455,0.00010614855,5.3707452e-05,9.089429e-05,-2.5706197e-05,1.0336237e-05,-1.9351146e-06,0.00016085486,-1.1557825e-05,6.237154e-05,0.00026653687,8.996583e-06,2.3076682e-06,3.5341338e-05,-6.217186e-05,4.4471144e-05,0.00020772046,-3.062701e-05,-6.338803e-05,-2.2620681e-05,4.851598e-05,6.0454826e-05,0.00013199657,-4.086726e-05,-8.2191975e-05,-3.3039407e-05,0.00014388337,0.0001871158,-0.00010435685,-8.559844e-06,-1.9483787e-05,6.8298e-05,9.548092e-05,0.00014945005,0.00013688285,9.0033645e-05,3.8319526e-05,0.00019842367,5.1667208e-05,-7.4944e-05,6.1216197e-06,0.00030956458,-2.4138031e-05,0.00013500357,9.1820395e-05,3.987695e-05,0.0001233636,-8.292686e-05,0.00013903624,-8.807378e-06,2.362256e-06,8.987816e-06,0.00022508709,3.902616e-05,2.233881e-05,0.00011107023,-9.473586e-05,-1.7835331e-06,9.1939975e-05,0.0002135352,0.00024752103,0.00032592128,1.33121375e-05,6.826513e-05,5.848263e-05,0.00018414856,0.0002628754,0.00015572162,0.00012096274,0.00019329893,0.00010911876,0.00020697285,-5.6660588e-06,2.99511e-05,6.926114e-05,-1.0814002e-06,-0.00015213681,-6.519598e-05,0.00015651449,-7.4964795e-05,6.1814026e-05,6.2730214e-05,0.00017564428,0.00013052931,0.00012795374,-3.4487126e-05,0.0002619309,-5.0568688e-05,-1.2785498e-06,0.00020511667,-0.00011076539,-8.828061e-05,0.00023970724,1.5097994e-06,1.9818077e-05,-0.00020852631,6.16178e-05
GU563562.1,7.829207e-05,0.00027384472,-2.5306686e-05,0.00022511084,4.0173873e-05,2.8555273e-06,6.97707e-05,0.00015942515,-5.1858493e-05,-5.4833705e-05,3.2679032e-05,-0.00010846268,-0.000185103,0.00012347627,-7.4281605e-05,-6.563797e-05,2.240039e-05,-3.6259873e-05,-5.7445894e-05,-2.1275537e-06,-3.9735012e-05,4.1679683e-05,-9.487428e-05,-0.00011584789,-0.00021358317,4.712645e-05,0.00018136806,0.00012543419,-6.170474e-05,-5.7331494e-05,-0.00018227038,-1.2378822e-05,-2.2211741e-05,0.00011322317,-0.000112990434,4.732943e-05,-1.0819665e-05,6.407199e-05,8.2048864e-05,0.00014698129,0.00012446805,-6.80232e-05,5.025334e-05,4.48534e-05,6.2261366e-05,0.00015352227,2.1382826e-05,1.652745e-05,1.0706309e-05,8.7992266e-05,0.00010846362,8.004274e-05,0.00014024963,1.8580555e-05,0.00011342748,9.97589e-05,2.6091568e-05,8.690248e-05,6.5507625e-06,0.00011410284,-8.981947e-05,0.00013610252,0.00024232957,-9.357388e-05,-1.5952317e-05,9.1310074e-05,-1.2666031e-05,1.1143471e-05,3.5998844e-05,-1.3935571e-05,-4.02492e-05,7.973058e-05,0.00027682338,0.00011332535,0.000121145604,6.446585e-05,0.00028622858,0.000113222515,3.4125842e-05,1.0256068e-06,1.683832e-05,-4.986167e-05,0.0001994813,7.871953e-05,4.862489e-05,0.00015453511,-0.00010085296,0.00015126621,-7.313271e-06,6.0735415e-06,-1.07849155e-05,1.1204541e-05,2.0545034e-05,2.8568766e-05,5.9955943e-05,-0.00014965296,-6.109217e-05,3.8944712e-05,-9.32007e-05,1.9350577e-05
AY278554.2_3,-2.2012664e-06,0.00012753841,5.0063394e-05,3.826966e-05,-0.00018974638,0.00020353687,-0.00012750636,4.8039306e-05,1.36765e-05,1.9301697e-05,-0.00015835502,3.2685628e-05,2.830616e-05,0.000119186734,3.228077e-05,0.00014731062,3.8431454e-06,0.00015518184,-7.503781e-05,2.553907e-05,0.00012642184,5.563564e-05,0.00014654119,0.00012093235,-0.00023967633,2.8416818e-05,4.629465e-05,-4.689122e-05,0.00016568617,8.852622e-05,1.4318427e-05,6.186931e-05,-6.2198276e-05,0.00013255847,-3.2365017e-05,6.9201546e-05,0.00017462466,-6.249918e-05,-6.282806e-05,8.886143e-05,-3.5522415e-05,-8.805984e-05,0.00011522327,-3.4270101e-06,-0.00010459163,0.00019071312,0.00012401499,-3.694108e-05,-1.2209644e-05,7.5258e-05,0.00012460697,0.00019267607,2.46612e-05,0.00027711573,-0.00020512557,-0.00011691332,-6.065845e-06,0.0002540352,3.763479e-05,-3.33954e-05,-5.5989658e-05,-0.00014398113,-5.8580783e-05,-7.310103e-05,-9.868565e-06,-8.00496e-05,-9.2889495e-05,3.8665927e-05,0.00011807535,-6.977461e-05,-8.068877e-05,0.000179441,-6.116161e-06,7.792375e-05,-3.174277e-05,8.217616e-05,-0.00014278377,7.4332847e-06,1.7128315e-05,0.00021444973,3.6542675e-05,5.919429e-05,0.00010160318,0.00020517642,3.808317e-05,3.4290206e-05,-8.013792e-05,-0.00012846042,-0.00013988078,8.9377e-06,6.714172e-06,0.00015928717,0.0001578189,8.947721e-05,-5.8951675e-05,-6.229562e-05,0.00011387967,1.5626656e-05,0.00018602138,7.3696756e-05
GQ285029.1,-6.702775e-06,0.00014566968,0.00015573078,4.8454658e-05,-9.207018e-05,7.132527e-05,0.000121238016,6.3324114e-05,5.8662416e-05,3.479488e-06,-2.7303246e-05,6.208831e-05,-8.551719e-05,7.2114715e-05,0.00014492752,7.5829725e-05,0.00018732242,1.1335718e-05,-0.00021563299,0.00020666215,0.000103042235,2.439519e-05,-6.807401e-06,-0.00021795131,5.3172622e-05,-4.2936117e-05,-4.397521e-05,2.1073507e-05,5.3028987e-05,4.5666173e-05,0.000116784075,9.0567046e-05,1.3639805e-05,0.0001368481,4.908177e-05,9.525669e-05,0.00012276079,9.416983e-05,-0.00010051067,-7.109379e-05,0.00014798006,9.041033e-05,-1.7533977e-05,0.0001423311,3.1058193e-05,-7.12426e-05,-0.00013595191,0.000110074245,5.7389774e-05,-1.3418245e-05,-0.00014535108,3.3179782e-05,9.905801e-05,3.9571743e-05,5.9322188e-06,-6.882356e-05,-0.00021708342,-0.00014071768,-7.7364944e-05,-5.667296e-05,2.7182507e-05,0.00016047711,-7.404278e-05,-2.1923111e-05,4.857531e-05,-0.0001306369,-1.5177231e-05,-0.00017782334,-2.5348148e-05,-0.00016245147,-5.2269952e-05,0.00019376415,4.2750504e-05,-6.3609514e-05,0.00012361338,8.340079e-05,0.00012991097,8.723642e-05,-2.4522691e-05,7.625151e-05,-2.2364318e-05,-7.160479e-05,-6.876863e-05,-6.65062e-05,0.00010152334,3.094849e-05,0.00011063669,6.431098e-05,4.4852837e-05,-0.00010264269,-4.9877683e-05,0.000111851594,-0.00014727382,-6.105306e-05,0.00024141764,0.000115804,-6.7135355e-05,3.7204863e-05,-6.146357e-06,6.709739e-05
AF316321.2,3.683028e-05,0.00017268698,0.00017239808,0.0002162546,-8.472291e-07,5.4381147e-05,-7.665986e-05,6.177801e-05,1.523708e-05,-4.745276e-05,8.162316e-05,-1.1013957e-05,-1.1934155e-05,8.472986e-05,0.00015460001,-4.924269e-05,0.000120568395,1.2732624e-05,0.00012002462,0.00015648564,4.326273e-05,4.8446982e-05,-8.0807126e-07,0.0001283241,2.0000345e-05,1.8916651e-05,0.00021082582,0.00010613214,0.000207622,0.00013260088,0.0001058998,0.00015860266,0.00018202007,3.578677e-05,4.4754812e-05,0.000103928316,-6.886693e-05,0.000113991,0.00015822583,-1.8217917e-05,0.00014043924,0.00013424597,0.0001670071,0.0001325534,-5.0139137e-05,4.9834172e-05,4.464374e-05,0.00017462285,0.00011263254,7.687103e-05,4.864926e-05,-0.000108260036,8.0786594e-05,4.3795822e-05,1.9089544e-05,0.00017912379,7.1026414e-05,7.389066e-05,2.2196267e-05,0.00010567549,3.7400314e-05,-8.3610634e-05,-1.9851539e-05,3.5620717e-05,9.521119e-05,-9.335019e-05,2.3691242e-05,0.00024516965,8.485071e-05,-0.00011883203,-1.8080686e-05,7.8657395e-05,-2.2050092e-05,0.00030528003,0.000117488526,-3.35641e-05,3.3850167e-05,-2.5460722e-05,0.00021610041,0.00015313829,0.0001705247,8.650127e-05,-0.00010114599,3.0976047e-05,0.00021431404,2.4844969e-05,0.00013613854,-6.711994e-05,0.00014723967,0.00014292746,-0.00018900834,0.0001394542,3.1158444e-05,0.00019408655,4.639601e-05,-0.00016212997,0.00011630738,0.00031251137,2.0348993e-05,-8.0345264e-05
AY278488.2_1,0.0001048422,4.5642697e-05,-0.0001743382,-4.713035e-05,0.000121418554,-0.00014617064,0.00010395448,4.9727038e-05,-8.4040315e-05,-8.5579726e-05,-6.064269e-05,-0.00010437206,-2.8355624e-05,3.5722438e-05,-4.293799e-06,3.5765995e-06,-0.000102247206,-0.00011511649,6.794244e-05,-2.3918898e-05,7.203579e-05,0.00015168378,-8.262929e-05,-9.306223e-06,1.1369271e-05,0.00012519551,-7.578684e-05,-0.00010351793,-0.00022808736,-6.6166576e-05,-0.00016276965,-0.00011129961,4.635251e-05,1.838184e-05,3.7654092e-05,0.0001005145,2.0367937e-05,-8.8967545e-07,-0.0001101506,1.5119348e-05,0.00012337518,3.9061535e-05,-3.138966e-05,0.00017933024,-1.8722505e-05,0.0001237042,-7.4470474e-05,9.3461276e-05,-3.9082475e-05,8.832998e-05,9.57064e-05,6.9327965e-05,-0.00016258602,0.00013976374,0.00010831929,-4.1453302e-05,8.736035e-05,-4.6763575e-06,-0.00018802786,-4.2692187e-05,8.409732e-05,-1.4991238e-05,-1.1010384e-05,-1.3983941e-05,-7.139575e-05,0.0001633945,-9.441263e-05,8.823527e-05,-2.9642239e-05,-1.5090254e-05,0.00015013354,-9.696224e-05,-2.8962524e-05,7.350334e-06,9.2638926e-05,0.00013155359,0.00015688715,0.00011627318,-1.23676e-05,0.00010879457,7.410575e-05,8.6022534e-05,-2.272384e-05,3.0563566e-05,-5.480691e-06,6.615129e-05,-8.748684e-05,1.6628122e-06,-3.687511e-05,-0.00032921907,7.8770445e-06,-1.4978334e-05,-2.1432552e-05,0.00015250585,0.00021435076,-2.408112e-05,6.933892e-05,0.00019548227,4.008451e-05,6.051596e-05
FJ790798.1,0.00016857454,-0.00013386588,0.00032638694,0.00012330504,1.198879e-05,-6.862089e-06,-6.685971e-05,6.3158666e-05,-2.1947952e-05,0.0002234239,7.37806e-05,7.301508e-05,-5.5934493e-06,3.7413603e-05,-1.4607864e-05,-7.120358e-05,0.00011014891,-4.560646e-06,9.239823e-05,6.836459e-05,-1.8826928e-05,0.00014238978,0.000101108104,6.5952765e-05,-9.032177e-05,0.00023227882,4.411281e-05,-6.071445e-06,-1.7650293e-05,-2.440141e-05,1.6956319e-05,9.1710484e-05,0.00018774623,5.0691408e-05,2.5037287e-05,5.192312e-05,-0.00013858355,8.587299e-05,-1.9914754e-05,5.9878694e-05,0.00013683102,-5.391948e-06,0.0001320226,-5.5093504e-05,2.2366889e-05,2.6400794e-05,4.089415e-06,2.0721965e-05,5.172099e-06,3.4101762e-05,9.234631e-05,-0.000118918506,5.353713e-05,-0.00010086316,0.00014802143,2.9259349e-05,1.5447198e-05,0.0001464548,0.00015434467,0.00019482974,-1.4442633e-05,0.000101168414,4.0031628e-05,0.00025979197,-3.6599286e-05,0.00019934602,0.00010756547,6.415011e-05,0.00018408151,-5.4945835e-05,8.8348366e-05,0.00015162118,0.00019849908,9.17625e-05,-0.00014283152,0.00026100696,0.0005081496,4.830956e-05,-4.8581624e-05,2.2242422e-05,5.555598e-05,6.2828556e-05,0.0001502276,-6.310721e-05,4.738396e-05,5.204887e-05,5.3251373e-05,-0.00020430528,3.2279637e-05,-0.00010440704,0.00013886136,-0.00010192446,9.58462e-05,-0.0001497815,0.00020427065,-6.920041e-05,-0.00010380105,2.4593024e-05,-0.00023847786,0.00014300292
EF190973.1,-8.456781e-06,8.615895e-05,4.1316816e-05,0.00012129562,2.5012474e-05,1.6395748e-05,0.0001348743,0.00023905336,1.4807671e-06,-3.8467428e-05,4.4990225e-05,-0.00014048025,0.00013983858,0.00011361654,-6.8452486e-05,9.905408e-05,0.00010480407,1.7963137e-05,4.5504614e-05,0.000170208,8.002371e-05,-0.00014791352,2.2884513e-05,-3.420123e-06,-9.185999e-05,8.946015e-05,8.727841e-05,0.00012075532,0.00012338313,0.00015528154,-8.3328785e-05,0.00026069913,-4.380436e-05,0.00011037273,0.00017837415,0.00010849533,-3.4526678e-05,-0.00012514826,0.0002873564,2.4614626e-06,-2.9876675e-05,8.223801e-05,0.00013237886,2.2268741e-05,0.00015702903,-1.0973762e-05,-8.507489e-05,6.4145046e-05,-5.6270474e-06,4.2291525e-05,7.7228644e-05,-0.00014660519,1.08772465e-05,4.268223e-05,-7.392741e-05,-7.0394904e-05,2.899789e-05,0.00010612368,1.6713382e-05,-4.093129e-05,0.00013097515,-6.2875515e-06,-7.121708e-05,4.9302602e-05,0.000115833114,4.895012e-05,-0.0001504979,-4.5891343e-07,-4.7661353e-05,-4.1621945e-05,-4.497869e-05,0.00016136131,7.946846e-05,-2.2686265e-06,2.214732e-06,7.166066e-05,-5.662307e-05,0.0001054434,-4.145251e-06,-9.960494e-06,9.579069e-05,0.0002529558,0.00016589584,-3.7604346e-05,8.076154e-05,4.7379846e-05,-3.8452004e-06,0.00023763768,3.6593687e-05,0.00019742048,1.8224091e-05,3.8484537e-05,-6.1700135e-05,-1.5978592e-05,0.00020585746,3.201221e-05,1.913308e-05,-3.8415492e-05,4.461244e-05,9.895142e-05
HQ641713.1,1.5477444e-05,0.00019652143,6.058448e-05,3.752093e-05,0.00018758976,9.1964335e-05,-8.024241e-06,0.00013173497,-1.0874564e-05,5.3236e-05,5.8827747e-05,7.2281255e-05,0.0001497778,-6.878365e-05,-0.000106389256,-0.00014228607,-7.1690876e-05,-2.9957544e-05,0.00010119848,0.00025566365,3.620636e-05,-0.00015414163,-6.451715e-05,0.00015366363,2.552017e-05,0.00025019574,5.1603554e-05,3.3448443e-05,-0.00022443962,8.383069e-05,1.2494166e-05,4.60226e-05,8.581887e-05,-2.0600985e-06,4.2124422e-05,2.6735588e-05,0.000112885624,6.870608e-05,8.278739e-05,7.663352e-05,7.521045e-06,0.00013397988,8.803051e-05,-2.9550907e-05,6.612736e-05,0.00012427477,0.00012909307,0.00015530283,0.00014617227,9.946675e-05,4.5374698e-05,9.860325e-05,8.884563e-06,0.00013145905,-0.0001053689,-4.66393e-06,0.000110821056,1.5350795e-05,3.371846e-05,0.00016294673,0.00012300741,0.00026726845,0.0001338276,5.1946452e-05,-1.1944491e-05,-7.184008e-05,8.203022e-05,0.00014489531,0.00014876857,-7.1414775e-07,-7.354598e-05,8.2826686e-05,-0.00013256185,6.4909436e-05,-7.696864e-05,0.00018101551,5.3198837e-05,-2.552627e-05,3.571391e-06,-9.006784e-06,3.1510648e-05,-0.00013124026,0.00028043677,1.5306841e-05,-8.11604e-05,3.4612756e-05,-0.00012763364,9.8153156e-05,-9.108841e-05,-9.9779056e-05,0.00012551622,0.00028728446,0.0002221649,6.9506474e-05,-3.321961e-05,6.7790206e-05,0.00015728135,0.0001692627,3.5886485e-05,1.4039148e-05
NC_009334.1,0.0001207593,0.000117899675,0.00014484914,8.394475e-06,-7.827692e-05,7.998351e-05,0.00022754885,-6.948524e-06,-7.257358e-05,0.00012126049,7.2967e-05,7.849322e-05,8.177619e-05,0.000110048626,-0.00013520321,8.991441e-05,2.2380556e-05,8.1477665e-05,-1.1884401e-05,0.00018196703,0.00019546358,8.860952e-05,0.00015885575,-0.00015707726,0.00014311107,0.00013881664,0.000121005796,-1.5328022e-05,0.00013707379,0.00015942578,-4.068065e-05,-2.455955e-05,0.00019319264,0.00018656312,9.111574e-05,1.6918459e-05,2.5620902e-05,-1.6340511e-05,-9.823492e-07,0.00020606858,-5.1042766e-06,5.074949e-05,2.9098446e-05,1.17939335e-05,0.00023580257,0.00015077801,-1.3143831e-07,-0.00021590444,0.0001391403,-0.00011470314,7.889192e-05,-5.4543456e-05,0.00019353293,-0.00018971099,4.0618055e-05,4.0425264e-05,5.0084534e-05,5.8668893e-06,4.9895163e-05,0.0002606397,0.0001407853,-2.4791505e-05,-0.00017327571,0.0002466887,9.947817e-05,0.00011234978,3.0504161e-05,0.00019165692,0.00015928446,0.00015217628,-4.4004973e-06,3.693712e-05,0.00018517966,0.000112259804,0.00013315797,0.000100712736,5.8814134e-05,7.76165e-05,0.00010262898,8.051533e-05,0.00010482985,0.000121509795,0.00029850684,-3.0284333e-05,8.745654e-05,-7.149926e-05,-4.0489806e-05,-6.138585e-05,-8.95652e-05,0.00012269641,-8.337024e-05,8.4449515e-05,-3.9354967e-05,-3.7983216e-05,-1.8866187e-05,8.889004e-05,6.9425846e-06,6.134262e-05,-8.231221e-05,0.00015255237
HQ641456.1,-5.4028802e-05,6.640585e-05,5.6734054e-05,-3.411859e-05,-5.5940625e-05,-2.9995394e-05,1.857143e-05,-2.996558e-06,-1.9126215e-05,-2.661333e-06,-8.432994e-05,6.3468244e-05,0.00021367401,9.5669566e-05,-0.00014396556,-0.00016936946,0.00023416844,8.280416e-05,-8.883605e-06,-5.1975385e-05,2.4453395e-05,-4.848564e-06,0.00010395452,8.550574e-05,-8.307314e-06,0.0001370534,-6.143498e-05,2.76027e-05,5.921574e-05,0.00017939549,-3.990607e-05,-0.00016964685,6.878304e-05,2.9604906e-05,-1.6337091e-05,0.00011714974,3.091175e-05,6.0736773e-05,0.00022327284,-7.8745354e-05,0.0001523908,-0.0001330421,8.455257e-05,-0.0001949992,2.2174392e-05,0.00013499145,1.429245e-05,-0.00010350884,-2.2608245e-05,-0.0001802675,0.00029863446,8.476058e-05,0.000101904385,0.00011581596,2.1062713e-05,0.00014155105,-6.690475e-05,-9.700052e-05,-3.161606e-05,-0.00021288056,0.0002479937,2.3022401e-05,0.00013067103,0.00013069613,0.00024578912,0.00016131252,1.1884733e-05,-0.00027337516,0.00010100165,3.9930692e-05,-0.00024008381,-2.4698187e-05,0.00012808923,-4.743665e-06,-3.570962e-05,0.00010331077,-1.2099516e-06,-3.16322e-05,1.9430257e-05,0.00012020805,6.6157256e-05,-5.4102522e-05,6.834877e-05,-3.0952837e-05,-9.2615024e-05,-2.0634536e-05,-0.00013829117,-0.00012860615,-3.126383e-05,0.00019086085,9.428893e-05,2.9467032e-05,5.9026133e-05,8.1274025e-05,3.085773e-05,5.403096e-05,-1.953799e-05,-1.41114815e-05,-7.028487e-05,2.3942912e-05
AY278491.2_2,3.417519e-05,-8.7171626e-05,-4.627459e-05,6.907231e-05,5.2075946e-05,5.5268716e-05,6.793648e-05,1.4108514e-05,-1.047109e-05,9.317572e-05,6.670453e-05,-1.7097425e-05,6.824689e-05,0.00013204255,8.59378e-05,7.946541e-05,0.00015245803,-1.3400344e-05,6.294193e-05,3.453733e-05,0.00019432096,5.848005e-05,1.6217691e-05,7.5967415e-05,2.7845283e-05,-7.1656264e-05,4.0134753e-05,-4.4368506e-05,-0.00014316136,5.5294808e-05,4.4382232e-05,-0.00020440877,5.3887088e-05,-9.74207e-05,-8.6874115e-06,-9.112881e-05,-7.054734e-05,3.638076e-05,-5.6370973e-05,-8.860348e-05,-0.00010063932,0.00017498448,0.00014746301,-2.7001139e-05,-3.7470876e-05,-8.821289e-05,-0.00015604057,3.9289985e-06,-0.00014993719,-1.2499515e-05,-5.811089e-05,-6.581471e-05,-2.2020497e-05,7.701973e-06,-5.430896e-05,-9.057108e-06,2.0227759e-05,7.947163e-06,6.514924e-05,-3.918721e-06,-2.7930831e-05,0.00017035528,-7.438889e-05,-2.4950785e-05,-9.467576e-06,0.00018143299,5.8165868e-05,6.430042e-05,0.00028926207,0.000108461085,0.0002468903,4.0982064e-05,-0.00010542265,8.797687e-05,5.6661927e-05,3.0947372e-06,0.00019661877,9.296746e-05,-3.0000663e-05,-8.4124564e-05,-0.00010866037,-6.3758256e-05,7.3159375e-05,9.525398e-05,9.057772e-05,-0.0001572692,4.6850695e-05,-8.736632e-05,3.397398e-05,0.0001419876,0.000108716195,-5.6073113e-05,8.004e-05,-5.6703953e-05,-7.608023e-05,-0.00028624872,-0.00011833466,-1.6850276e-05,-1.1829136e-05,1.8768174e-05
NC_001526.4,2.6116466e-05,0.00014702538,-2.659224e-05,-0.000120172,3.789038e-05,5.311213e-06,-0.00016704999,0.00020304143,0.00014845312,-5.733875e-05,5.4353142e-05,9.9986755e-05,0.00024076557,0.00011491361,-7.1477465e-05,5.1901756e-05,-3.738207e-05,1.7212074e-05,4.879637e-05,0.00011765367,8.697432e-05,2.6577978e-05,2.0806618e-05,0.00010396826,-2.35472e-06,0.00023354914,3.058774e-05,-7.617403e-06,-0.000109990906,-7.052011e-05,-1.9489664e-05,0.00011866287,9.037728e-05,0.0002442886,6.205153e-05,0.0001415551,0.0001546893,0.000102619444,4.1547805e-06,-7.461265e-05,-5.3281594e-05,-3.067021e-05,0.000107112864,-1.1066194e-06,-0.00012828264,-3.6126046e-05,2.32093e-05,-2.0344138e-05,0.00016886377,3.2125536e-05,0.00014956912,9.456565e-05,0.00017262509,0.000103779494,8.483037e-05,8.664784e-05,0.0001858047,-5.908658e-05,-5.8316706e-05,9.049269e-05,9.899873e-05,7.9267455e-05,7.3381902e-06,0.00013085877,-0.00017944015,-4.1359042e-05,-9.527818e-05,0.00018047483,0.00022747519,3.882174e-05,0.00025066728,-1.4392281e-05,7.8407444e-05,2.6358828e-05,7.729463e-05,-0.00012235256,1.541544e-05,-2.2522589e-05,-4.989346e-05,0.00012399157,-1.1046852e-05,0.00024817864,0.00016704395,1.9684116e-05,-5.6275847e-05,0.00011559631,2.4311648e-05,-0.00010879959,0.00011436466,0.00010949945,0.000118934644,0.00012400062,0.00014788241,-3.087838e-05,3.5330217e-05,5.199091e-05,6.856312e-05,-1.2732929e-05,-6.911528e-05,0.00016731444
AF206518.2_7,0.0001633474,-1.4860426e-05,0.00013632282,6.991537e-05,3.1426935e-05,9.95975e-05,0.00012715711,0.0001425533,9.6713666e-05,-0.00012702984,4.918462e-05,0.0001823086,6.794054e-05,2.4859442e-05,4.5465935e-05,-3.4069376e-06,0.00022606662,-9.400375e-06,7.838487e-05,3.2132284e-05,2.0906467e-05,-2.1882295e-05,0.00032291564,3.071598e-05,5.266429e-05,7.006859e-05,4.2428226e-05,-4.318422e-05,-5.5094228e-05,6.838593e-05,3.2545257e-05,9.6763186e-05,2.2948308e-05,-8.732169e-05,9.091256e-05,7.698969e-05,-9.0508925e-05,0.00017184179,0.00020063529,0.00015217713,0.00013909518,3.0551593e-05,4.6695415e-05,-0.00014174722,0.0002998833,-6.23938e-05,0.000102578255,-9.092318e-07,3.2431417e-05,-5.867646e-05,1.6736212e-05,0.00019911074,3.286102e-05,6.452197e-05,5.4571836e-05,9.377572e-05,-0.00010460798,0.00020280223,6.629232e-05,-0.00013644305,-4.761733e-05,0.00019085903,4.70702e-05,5.802324e-05,-4.0401672e-05,6.897912e-05,0.00022874933,-2.343025e-05,5.3953278e-05,0.00021788344,0.00014795708,0.00017484785,-5.903005e-05,9.7496646e-05,-9.1404334e-05,0.00031420213,-0.00013597425,0.00012314541,5.044531e-05,2.2831508e-05,-3.429952e-05,8.1901104e-05,-1.3315792e-05,-1.1514145e-05,5.081404e-05,9.1738315e-05,0.00010615551,9.953722e-05,6.734269e-05,-0.000111621084,2.3616909e-05,-5.626984e-06,0.00013100209,7.28e-05,0.00011444143,0.00018754898,0.0002353578,8.608252e-05,-1.568873e-05,-0.00013637354
HQ189126.1,0.00013381171,0.000121130484,0.000114362156,0.00020159037,0.00014167649,4.1977706e-05,5.432891e-05,9.1332426e-05,0.000111386056,0.00015090387,2.1211117e-05,2.826418e-05,1.102008e-05,-8.549428e-06,1.4237794e-06,7.463169e-05,7.036298e-05,-3.6306108e-05,6.834026e-05,2.5326604e-05,4.9434286e-05,-2.3892935e-05,0.00027964573,0.00011051945,0.0001218982,-0.00020514162,1.27137455e-05,1.8829405e-07,3.617874e-05,0.00018161454,0.00012866103,2.7690301e-05,-4.589693e-05,-6.690437e-05,8.557826e-05,0.00023688606,9.18652e-05,1.4307301e-06,0.00022645768,7.77842e-05,8.01049e-06,-4.4137174e-05,1.8958499e-05,-0.0001486236,-4.2731204e-05,0.0001378217,0.00023477734,4.008988e-05,8.9553716e-05,3.0248284e-05,2.9758188e-05,0.00026411132,0.00012584086,-6.5537342e-06,0.0002682422,1.3520595e-05,0.00014755012,1.954894e-05,0.0001990402,7.1253664e-05,5.4168246e-05,0.00011882405,-6.0695034e-05,9.931819e-05,0.0003106278,0.00019692228,-0.00027629524,-0.00024945987,0.00016435118,1.6394915e-05,-1.2541957e-05,0.00010048878,8.004815e-05,7.990383e-05,4.9785944e-05,-7.9093596e-05,0.00025935005,7.987291e-05,-5.1967883e-05,9.003494e-05,0.00014070685,0.00013133974,8.604973e-06,-0.000117374984,6.329933e-05,0.000120809455,-0.00019247619,-1.2402611e-05,2.1169984e-05,6.511316e-05,-1.1017784e-05,-0.00017575226,-2.7503478e-05,-0.0004535441,-6.8646594e-05,-0.00021533815,0.00019441395,-5.340119e-05,1.4715304e-05,-6.0732742e-05
AY278554.2_2,-9.037957e-06,4.801276e-05,0.00013913379,2.2274733e-05,0.00019882825,5.5573608e-05,-2.577036e-06,8.238971e-05,0.00014266018,2.0519432e-05,-3.7654256e-05,2.6613207e-05,6.236868e-06,2.2692173e-05,-4.1692372e-05,9.181116e-05,-1.597518e-05,0.00017140522,3.1492855e-05,9.674199e-05,-4.5081582e-05,7.41083e-05,3.247194e-05,-0.0001823316,0.00022986122,0.00014233815,7.4185686e-05,9.138917e-05,7.269271e-05,-0.00011550482,3.942243e-05,-4.8616912e-05,-0.00020051109,0.00012287746,0.00020062477,-3.5568097e-05,2.8243123e-05,-3.665108e-05,0.00013181416,-9.274978e-05,-6.0666713e-05,-0.0001766474,-0.00017944993,8.734106e-05,0.00010433398,0.00017412774,-6.8744055e-05,0.00019104706,6.3240994e-05,-0.00010287202,6.5230066e-05,-0.0001351965,-0.0001608029,3.9362058e-05,-4.3224234e-05,0.00023568237,-0.000113064474,-5.4968273e-06,4.449638e-05,-3.0968626e-05,0.00016437598,0.00016818562,0.000111234855,-3.160502e-06,-8.4431864e-05,-0.0001977344,0.00010883287,0.00011202211,4.2049876e-05,-4.1466443e-05,0.00017283371,1.2150795e-06,-7.512317e-06,8.0648155e-05,0.00014025932,0.00010214449,6.9543625e-05,-0.00018528434,0.00015196385,-2.4626747e-06,0.00014485301,-8.0460166e-05,6.530516e-05,0.00019340239,-0.00013361512,-4.1346597e-05,1.5732401e-05,-9.203753e-05,1.9712135e-05,0.00014926922,9.5390984e-05,2.9159164e-05,0.00013931886,-0.00011937021,-5.571661e-05,-9.7526856e-05,7.417892e-05,-1.0293576e-05,-2.0622481e-05,-4.3291555e-05
AF206518.2_1,2.0909956e-05,0.00015601657,-3.724746e-05,1.6730803e-05,-5.7023768e-05,-9.231972e-05,-1.2046031e-05,8.270002e-05,-1.09589055e-05,9.018139e-05,0.00021087033,0.0002438181,0.00017869414,-6.660756e-07,6.649006e-05,0.00011029816,0.00014101554,3.1752614e-05,6.685534e-05,5.175838e-05,8.627404e-05,2.1204107e-05,6.866412e-05,3.1495038e-05,-1.3569277e-05,-0.00010952339,0.00014820563,-1.947e-05,-0.00010994815,-2.9185947e-05,6.388044e-05,7.658847e-05,0.00022564635,-0.00016737357,9.8293975e-05,0.00014527405,-3.1739266e-05,-9.409366e-05,0.00022430709,-8.548161e-05,-9.525248e-05,6.2954976e-05,-6.5068507e-06,-7.611731e-06,-6.789786e-05,9.297207e-05,0.0001129314,0.0001671322,-5.4833006e-05,9.1310976e-05,0.00011979085,0.00027467328,4.618254e-05,0.00022941994,2.4285311e-05,-0.000113349095,-5.06979e-05,-3.3650404e-06,-2.2593444e-05,-5.4271695e-05,0.00024593982,-0.00014370664,9.358323e-05,-0.00016320462,0.00019477356,6.893143e-05,0.00014496861,-0.00013215671,0.0001455832,-9.469894e-05,3.8989157e-05,4.6736062e-05,-5.007738e-05,0.00017625456,-0.00011462849,5.3425378e-05,0.0001318036,0.00025646033,0.000103427185,0.00012864091,-2.8800187e-06,4.8759117e-05,9.815576e-05,4.736558e-05,-2.0215997e-05,0.00016690764,2.4695042e-05,0.00011727842,0.00014940854,-3.9218376e-05,0.000119050754,-3.3977867e-05,-7.340133e-07,-6.5509695e-08,3.1437996e-06,0.00025396084,-0.00010663699,-0.0001213615,9.563643e-05,7.346564e-05
AF206518.2_3,0.00016774313,0.00013373568,-8.759172e-05,0.00010200703,3.821388e-05,-9.156275e-05,7.491018e-06,-3.70423e-05,0.00024165976,0.00014214918,-4.275037e-05,0.00016915076,2.356825e-06,2.7367105e-06,6.017606e-06,3.6443365e-05,0.00014750137,-2.5613923e-05,4.9407885e-05,3.99077e-07,2.0444917e-05,0.00018972532,-1.8349485e-06,0.0001104712,6.501903e-05,5.6534886e-05,-0.00011769837,0.0002768362,9.349435e-05,4.6820154e-05,0.00023869143,3.042191e-05,-4.6095694e-05,2.8625222e-05,-2.3048437e-05,-2.3730274e-05,0.00018374488,1.5152109e-05,0.00012796423,0.00011884446,-5.2598276e-05,2.1594331e-05,-5.3883305e-05,-4.8686376e-05,5.0946557e-05,-9.113569e-07,-7.705179e-05,1.2539649e-05,2.8047041e-05,3.1046664e-05,-1.6027056e-05,-1.4483412e-05,-9.711026e-05,-3.0623054e-05,0.00013937341,-2.9367524e-05,0.0001238782,0.0002245794,-2.3301325e-05,0.00025046416,1.9423382e-05,0.00013074926,0.000111025656,-0.00012191507,8.415375e-05,2.740878e-05,0.00020844156,-0.00013667205,1.22015745e-05,-2.9924311e-05,0.00012053305,9.612571e-06,-7.7676326e-05,-0.00020491875,-5.765694e-05,-0.0001041052,0.00014325911,-1.3280277e-05,-0.00015339657,0.000105079875,0.00010906966,-2.9589792e-05,0.00026662607,6.9398266e-06,8.653786e-06,-5.3567863e-05,-8.097606e-05,0.0001912457,-1.1017099e-05,5.1768977e-05,-0.00015835172,9.114109e-05,0.000116613264,-2.0220506e-05,-5.4678098e-05,-3.238546e-05,0.00016421032,-7.211917e-05,-7.726035e-05,7.809653e-06
AF206518.2_2,-2.5777788e-06,8.4423744e-05,9.716999e-05,-7.1606123e-06,0.0001565468,8.6596025e-05,7.656245e-05,8.935372e-05,-0.00022676728,-0.00012070565,-3.851542e-05,2.6054147e-05,0.00013226255,6.3998654e-05,-7.271774e-05,4.084608e-05,-2.498538e-05,-8.3615225e-05,1.5203107e-05,8.886508e-05,3.1743835e-05,7.189914e-05,0.00018057703,-1.2866525e-05,0.00014304831,-0.000115020324,3.170741e-05,-3.4570076e-05,0.00018174035,-4.3521497e-05,0.00042034718,7.454745e-06,0.000111648085,-5.98705e-05,-8.456407e-05,3.4749805e-06,5.617509e-05,-4.7947883e-06,-6.4485204e-05,-0.0002790995,-7.085018e-05,-0.00019535479,1.3744866e-05,0.0002847814,0.00012143074,6.4910695e-05,-5.858083e-05,2.5201642e-05,5.4520224e-05,9.080782e-05,-9.217834e-05,0.000120942845,4.932309e-06,-3.30104e-06,2.5560726e-06,1.5178704e-05,4.6624195e-06,-0.00012265512,-1.6261372e-05,2.8654105e-05,-0.000111790265,3.9993374e-05,0.0001500342,0.0001763467,3.50116e-05,-0.00010578755,-7.2906614e-06,2.687329e-05,4.039315e-05,8.872095e-06,4.005228e-05,8.9426154e-05,2.63697e-05,-9.575606e-09,0.00012974013,1.908639e-05,-0.00010413554,4.026437e-05,-6.296456e-05,1.1617385e-05,-7.575402e-06,-0.00011938668,7.9509904e-05,-6.427941e-05,-7.063387e-05,6.926614e-05,-3.450677e-05,-5.924784e-05,0.00016622375,-5.289481e-05,-7.0237445e-05,3.8483133e-05,1.3609828e-05,3.565447e-05,0.00014989114,7.6685246e-05,0.00010384384,-6.214042e-05,5.338054e-05,-0.00015303522
NC_004102.1,0.00012655821,5.7364472e-05,0.00014396943,0.00011644091,-8.176068e-05,0.00011953265,5.8600166e-05,-6.007584e-05,0.00023439582,5.5675755e-05,-6.346453e-05,4.5968313e-06,0.00012392053,5.237659e-05,-1.0690566e-05,5.1318533e-05,-6.1050036e-05,-0.00010493736,-0.00013961605,-2.02484e-06,0.00017909758,-0.000119417076,-4.7391157e-05,-7.14567e-05,0.00015846544,3.7587837e-05,5.181933e-06,2.2532817e-05,-4.323719e-05,-5.7890873e-05,5.8178626e-05,7.086396e-05,-1.656677e-05,0.00014413847,-7.656721e-06,0.00013041207,0.00022628694,0.00022856034,-0.00018030897,8.8408866e-05,-7.661515e-05,-7.3130184e-05,-7.411467e-05,2.0995823e-05,2.1965392e-05,-1.3822266e-06,8.5375665e-05,0.00015347099,1.375506e-05,2.1230842e-05,-0.000116544805,0.00027803163,0.00013984846,5.655094e-05,-0.00015119031,-0.00012690293,6.5547654e-05,0.00015644496,5.567357e-06,0.0002175994,-0.00012962405,-8.47661e-05,-0.00012701508,-7.734045e-05,0.00029516703,0.00021010615,-0.00013202647,-0.00013501414,-0.00011609368,0.00010639293,0.00024294041,0.000147021,2.8161068e-05,3.6321665e-06,0.00012792963,0.00020854191,-3.877527e-05,-3.93994e-05,8.5512074e-05,2.585357e-05,0.0002507495,-2.9492014e-05,4.3415752e-05,0.00012621412,-2.1431748e-05,0.00016538177,0.0001160432,9.343056e-05,2.4792549e-05,-6.3841595e-05,2.082168e-05,2.0752204e-05,-5.5122222e-05,5.8286914e-05,2.8342321e-05,1.1111228e-05,5.902047e-05,0.00011956818,8.7633256e-05,1.3690845e-05
FN907963.1,-0.00011843901,0.00010103444,-6.806062e-05,9.9910234e-05,0.00026294717,-0.0001494183,-5.5867426e-06,0.000102863676,9.463222e-06,0.00012360948,7.9193465e-05,7.04865e-05,-8.68247e-05,-3.0566716e-06,9.830327e-05,-0.00012892249,8.349779e-06,0.000114585004,5.3259682e-05,-9.7449076e-05,0.00020770798,6.9906186e-05,7.24249e-05,8.463926e-05,9.96537e-05,6.842576e-05,6.410417e-05,-4.76361e-05,0.00013473796,2.2376531e-05,0.000101001286,0.00022211591,-7.880504e-05,7.861514e-05,-3.2284766e-05,1.6137468e-05,6.9843445e-05,9.454066e-05,-7.4333824e-05,0.00013442367,-9.456837e-05,0.00014565361,-8.092176e-05,0.0001621545,2.2057857e-05,7.3545474e-05,-1.289657e-05,-3.97993e-05,-4.248168e-05,1.2570675e-05,2.0271786e-05,-2.621447e-07,3.1107407e-05,-6.5552163e-06,8.008209e-05,0.00011582332,6.824963e-06,-0.0001162072,8.600786e-05,2.3434442e-05,0.00016406683,0.00015211229,2.8097678e-05,0.00010135938,0.00015949717,-0.0002463902,0.00015019285,0.00020695402,-3.9261457e-05,-0.00014800971,2.1894442e-05,0.00020468087,0.000104218256,-3.4620145e-05,9.85474e-05,0.00021261573,0.00013254445,8.9536545e-05,-0.00015714715,3.5565685e-05,8.734347e-05,-0.00018241645,0.00013957973,-1.0443086e-06,0.00014770139,6.921261e-05,6.742038e-05,-8.627906e-05,-6.262612e-05,0.00023207752,0.00015257126,-6.829998e-05,3.4962046e-05,0.00018264203,6.956102e-05,-2.9610088e-05,5.4647095e-05,0.00020842087,7.1201495e-05,-6.782696e-05
EU910136.1,0.000111164874,9.0943904e-05,0.00013199623,1.4371002e-05,1.9905994e-05,0.0001492802,0.00011185826,8.953586e-05,5.198702e-05,0.00019643894,0.00016568486,5.6161134e-05,0.000110085035,0.00010332549,0.00014068595,1.3437946e-05,7.639101e-05,0.00017099691,4.3230404e-05,0.00012640643,9.780279e-05,4.8843518e-05,0.00012362786,9.066212e-05,9.393569e-05,0.00038199197,0.00013374719,0.0001882504,0.00023074899,0.00011534686,5.5301145e-05,6.186272e-05,0.00011943423,0.00011058576,0.00016762597,6.5470755e-05,3.5515073e-05,1.6556993e-05,5.908258e-05,0.0001680297,8.480804e-05,0.00032796132,4.4000935e-05,5.923408e-05,0.00013066713,0.00017522459,5.0059716e-05,2.5930287e-05,0.00015422271,0.00013375189,5.3207394e-05,0.00014001386,0.00021350775,0.00014364591,0.00020811944,0.00012774563,6.0905615e-05,0.00021980003,0.00020084502,0.00012179546,5.6683395e-05,0.00013760028,-3.1154224e-05,-0.000103316954,3.3041815e-05,0.00015366382,-6.0351424e-05,7.2886e-05,4.6077683e-05,0.00013821348,-8.019474e-06,1.5567832e-05,0.00021801727,0.00018759575,0.000119912234,8.576471e-05,0.00010760887,7.919187e-05,6.148552e-05,0.00011860906,5.928541e-05,-0.00012265016,3.92374e-06,0.0001038597,6.818355e-05,5.7696e-06,0.000168721,9.6278534e-05,-3.899011e-05,3.0068797e-05,8.530384e-05,6.0268714e-05,5.9926566e-05,0.00010079576,-6.881362e-05,5.7175013e-05,-8.4144536e-05,2.884796e-05,2.2858887e-05,2.9532639e-05
AY278554.2_1,0.00011750154,7.26987e-05,-6.906924e-05,0.00017829119,-4.9217302e-05,-2.697586e-05,5.2075422e-05,8.6815366e-05,5.7386456e-05,7.560074e-05,-0.00014302689,-4.5378536e-05,-3.2019e-05,5.7621244e-05,-0.00016477145,-1.0941524e-05,1.7264798e-05,0.00011757853,0.00013678611,0.00011161421,-8.219334e-05,-9.0062575e-05,4.7733098e-05,-5.3263866e-05,0.00012113474,0.00013558909,-5.505252e-06,8.706019e-06,-5.257194e-05,0.000107279666,6.406358e-05,2.7846025e-05,-0.00011751166,0.00017110101,-8.544762e-05,3.63592e-05,0.00010346271,0.00017223263,0.0001231376,5.2941574e-05,-0.00018213922,-1.4206568e-05,-6.193084e-06,-9.335675e-05,6.644586e-05,-5.773863e-05,-1.5377189e-05,-3.3675875e-05,-9.927763e-05,2.0081232e-05,5.6702484e-05,0.00014345128,-1.0616791e-05,-0.0001248043,0.00014952346,0.00014203666,0.00010480713,0.000100146244,-0.00010894226,-8.099447e-05,0.00012735275,1.6405482e-05,0.0002610968,0.00023066306,1.2931542e-05,-8.803789e-05,2.491036e-05,8.5340376e-05,-3.780717e-06,-7.868523e-05,-9.9836536e-05,-1.3321935e-05,1.919637e-05,4.6262234e-05,-8.8111075e-05,-7.6835626e-05,-9.639198e-05,0.00011120297,0.00010682038,-5.2513267e-05,-2.1341337e-05,-7.164514e-05,-0.0001364824,9.8215314e-05,0.0001857315,0.00010912131,3.788525e-05,3.8314924e-05,-0.00010894263,-0.00012021419,1.8310919e-05,3.40217e-06,2.9472361e-05,-0.00010507937,6.8638925e-05,6.137329e-05,0.00010958736,-9.0460435e-06,-2.4651392e-05,-2.2772017e-06
EU781832.1,-3.343136e-05,1.3639863e-05,8.099694e-05,3.753712e-06,4.286013e-06,-2.6368858e-05,0.00013026407,-2.0872883e-05,-9.85321e-06,3.8660204e-05,-2.9722272e-05,7.3444375e-05,0.00014089039,7.5108146e-05,6.0159575e-05,0.00016959949,6.692406e-05,8.03149e-05,2.0018182e-05,9.8827426e-05,5.717606e-05,6.742901e-05,5.4636683e-05,2.9099883e-06,2.1358279e-05,-5.8996968e-05,-5.3501535e-05,6.3344174e-05,2.166384e-06,0.000102835824,-0.00015253451,3.4114883e-06,9.548334e-05,-5.9939226e-05,-6.892742e-05,1.0071876e-05,0.00023487362,-2.1559516e-05,6.964197e-05,2.492738e-05,-3.788788e-05,-7.036255e-05,0.00016522846,6.16393e-05,7.40122e-05,-4.956142e-06,0.00016689491,-7.697808e-05,0.00013164897,8.293543e-05,0.00016832771,0.0002482406,-0.0001872388,8.1008846e-05,6.1502906e-05,-5.6072473e-05,-0.00012569739,0.00016715493,-0.00017128472,2.2514532e-06,-3.3879867e-05,-1.2866863e-05,-4.108381e-05,0.00024145089,-1.5217748e-06,2.8162602e-05,5.86621e-05,-5.058571e-06,0.00012498516,-0.00014943798,-8.2770166e-05,-9.0165435e-05,0.00014296803,1.1521927e-05,-1.7788789e-05,-0.00013654598,-1.4392455e-05,2.2507027e-05,0.00016488989,0.000102926104,0.00011738521,-1.7517208e-05,-0.00018493805,-1.9940733e-05,-9.7012424e-05,-0.00017428657,0.00014788547,0.00016848862,-2.4618525e-05,-7.991907e-05,2.0742762e-05,-3.1323214e-06,7.8151075e-05,0.00024448388,5.3258253e-05,1.8385064e-05,0.00010692492,4.2361903e-06,-8.874359e-05,0.0001942502
AF148805.2,9.041363e-05,0.0001897599,-2.3313974e-05,6.947168e-05,0.00014852671,0.00014657553,-3.423641e-06,-3.845813e-05,7.271613e-05,3.373191e-05,7.5125485e-05,7.9324076e-05,-1.2224282e-06,0.00017784385,3.898282e-05,0.00011814354,0.000120224475,0.00012482291,0.00013552721,1.4573492e-05,-3.8798476e-05,3.8415837e-05,0.00038429745,0.00020038003,-6.337024e-05,0.00010008734,4.789262e-05,0.00010558907,-4.315461e-05,-0.00011742035,0.00014231497,-3.1784148e-05,7.3568364e-05,-0.00020498178,0.00013115465,7.867424e-05,3.71263e-05,-1.31100205e-05,-8.821153e-05,0.00029362945,0.00018302338,0.00027165376,-0.000108466695,0.0002370007,0.000110800676,-0.00022268499,-2.6562882e-05,0.00014621043,0.00019806498,-2.5661453e-05,-1.51792865e-05,6.697121e-05,-6.162042e-05,-0.00018318773,-7.3990734e-05,0.0002214507,6.336339e-05,1.3504856e-05,0.0001002231,-5.474299e-05,0.00015755543,9.59136e-05,-9.2844486e-05,-4.1887448e-05,6.507124e-05,0.000106377775,3.743279e-05,3.406727e-05,7.710925e-05,0.00020518167,0.00019956744,2.2312828e-05,-8.921453e-05,3.1953627e-05,9.158945e-05,4.0908588e-05,-0.00019143311,-6.756504e-05,9.3519004e-05,-6.1095634e-05,-1.0440272e-05,-7.6151926e-05,-9.317165e-05,1.9824074e-06,0.00010030917,9.085569e-05,0.00012802459,0.0001990119,-1.8597644e-05,-0.00010554659,-0.00021501748,0.00013788567,9.996999e-05,-0.000240651,-2.3434875e-07,-0.00012903303,-0.00018845318,-0.00043174135,-0.00025679392,0.00013945706
V01555,3.3942244e-05,0.00018845907,-1.0853498e-05,-6.22627e-05,-2.8444829e-05,5.5139066e-05,4.189435e-05,0.00025433316,9.150132e-06,2.8650036e-05,6.3802494e-05,5.3072887e-05,4.943146e-05,8.959022e-05,0.0001368641,0.00019845096,4.584153e-05,7.841863e-05,0.00023486634,2.9119961e-05,9.651581e-05,1.9697034e-05,-0.00014332263,1.8714472e-05,-3.0743709e-06,0.00015471307,0.0001792879,1.2709058e-05,8.597225e-06,9.102747e-05,3.5682642e-05,3.1015334e-06,0.00013991272,0.00014970385,0.00012235351,-1.9866286e-06,0.0002259486,-6.0132505e-05,3.903804e-05,1.5802892e-05,0.00013869784,1.7946599e-05,6.1593135e-05,7.849373e-06,0.00017306053,5.8805985e-05,-1.9347066e-05,0.00012809067,8.244508e-05,0.00021768743,0.00013699617,0.00011770291,0.00012480571,-3.8316455e-05,-1.8674025e-05,2.9741717e-05,9.847937e-05,2.617542e-05,-5.6840832e-05,1.4665038e-05,0.00011258248,0.000116532516,5.3417876e-05,-2.8933755e-05,0.00018393523,5.9204234e-05,0.00012605063,3.2391337e-05,0.00028617473,0.00011166984,-7.849462e-06,0.00019837634,-0.00015308613,0.00021268128,0.00019944625,7.418031e-05,-5.7579255e-05,8.0863356e-05,2.2908634e-05,-1.7979546e-05,0.00023691865,7.669283e-05,-3.8716746e-05,9.484122e-05,0.00012109805,8.978963e-05,7.436441e-05,9.767341e-05,-7.1780945e-05,0.00028360743,0.00025473203,0.00015353296,0.0002461957,1.9535699e-05,1.7125807e-05,0.00022041956,5.5098757e-05,-2.0516302e-06,0.00010735629,-0.00024719024
FJ589068.1,0.00014251504,1.8405459e-05,6.7146044e-05,7.8156365e-05,-2.7658416e-05,4.3818764e-05,-8.758045e-06,6.338908e-05,-7.582365e-05,-3.5639277e-05,2.116755e-05,-3.5648027e-05,7.2643066e-05,0.000102404294,-1.534989e-05,4.5998553e-05,-0.00018592234,1.5490854e-06,4.2205506e-06,-0.00011456044,-9.127877e-05,-0.0001209981,9.089029e-05,-2.7079503e-05,2.7710732e-05,0.00019692407,3.0836894e-05,-4.9183695e-05,7.285512e-05,-9.8588265e-05,3.119282e-05,7.15225e-05,7.099423e-05,-8.529892e-05,-4.3309068e-05,4.966916e-06,4.395895e-05,-1.8342736e-05,6.857208e-05,-3.398157e-05,-0.00010096674,0.00014364353,4.7332378e-05,2.1345362e-05,0.00014916489,1.2043128e-06,3.1343476e-05,-8.424607e-05,-5.085907e-06,-0.00012020089,8.918395e-05,1.8813762e-05,6.0692313e-05,0.00013431473,-0.00013502697,-0.000109146946,6.708335e-05,0.00019943822,0.00020475619,-5.944929e-05,9.25619e-05,0.00013071318,3.1910156e-05,-2.752475e-06,-0.00014922264,-5.8523874e-05,2.9005463e-05,8.4439685e-05,-0.00014327548,6.1815066e-05,3.1010666e-06,0.00036143936,0.00010413051,1.0230901e-05,0.00012204576,0.0001447944,-5.232404e-05,0.00017342033,0.00031608692,0.00022162155,5.332024e-05,0.00016312307,2.0003597e-05,5.2808096e-05,-2.1068186e-05,9.0969545e-05,0.00012360398,0.00024382833,8.3442224e-05,4.934825e-05,-1.6111988e-05,0.00023163122,1.898902e-05,9.4514966e-05,0.00017515248,-0.00024705284,4.8483867e-05,-8.366334e-05,-2.0256968e-05,5.418341e-05
AF206518.2_6,7.3491574e-05,5.440001e-06,0.00013110226,7.362185e-05,7.464031e-05,0.00021235074,3.5503883e-05,-4.932871e-05,3.4712142e-05,9.755588e-05,9.440363e-05,0.00012527373,0.0001049909,0.00012694606,4.982137e-05,0.00015375679,0.00022328396,-4.016876e-05,-1.1762155e-05,8.7809276e-05,8.260854e-05,3.382792e-05,0.000107352724,8.7384404e-05,3.3445518e-05,9.222472e-05,0.0001196558,0.00014051984,6.5464395e-05,0.00012880175,0.0001753408,0.00014339155,0.00029490356,0.00032418378,8.3583094e-05,0.00018794234,-2.5322935e-05,-0.00019681202,1.8352262e-05,-7.706633e-05,0.00026794517,2.021627e-05,-5.621769e-05,0.00025022763,6.0595494e-06,-0.0001767818,6.597271e-05,0.000120040495,7.514076e-05,1.9272191e-05,4.271327e-05,1.1271007e-05,5.322856e-05,-8.5564225e-06,3.827846e-05,8.263389e-06,0.0001504798,4.0747444e-05,-7.294981e-05,6.423859e-05,9.282677e-05,3.5741756e-05,0.00029543843,0.00026928927,0.00012018534,0.000199952,4.1617357e-05,1.3968553e-05,-0.00012761165,0.00013579943,4.0607767e-05,6.911375e-05,0.00027818806,4.152737e-05,0.00026756764,-7.802376e-05,-5.773576e-05,0.000107452346,-4.5296314e-05,-6.5243125e-07,-6.558868e-05,-0.00016701293,-2.9603967e-05,-6.818506e-05,-2.7840897e-05,0.00020735271,0.00020587603,-0.00017551615,-0.00015330852,0.000119987286,0.00014046226,5.676183e-05,0.00012302796,2.0869757e-05,9.519694e-05,-0.0001896546,-2.9444922e-05,0.00018731439,0.00015418886,-8.54621e-07
U57056.1,5.6407433e-05,-9.831088e-06,6.1222665e-05,3.1281026e-05,0.00023775519,3.212156e-05,-1.952089e-05,6.71971e-05,-7.267294e-05,3.1440308e-05,5.947133e-05,-5.421158e-05,-8.796795e-05,1.0691129e-05,-4.5431636e-05,7.073639e-05,0.00014267694,4.7794296e-05,-4.827054e-05,0.00012616646,-0.00015008653,-0.00018032237,-1.4699825e-05,0.0001173436,2.890124e-05,0.0001557461,-0.00010669319,8.473302e-05,0.00012573754,-1.8688595e-05,9.91156e-05,-9.805807e-05,9.003121e-06,-9.556774e-05,-3.1266231e-06,4.0148676e-05,-3.178341e-05,-0.00017723674,-0.00012394582,7.139849e-05,4.8548343e-05,1.2741884e-06,9.5967676e-05,3.3518983e-05,-9.41696e-05,0.00011286738,-0.00017267693,-1.644626e-05,0.00016966191,2.6667985e-05,-0.000118678836,3.8277125e-05,-1.0623615e-05,0.00010681438,0.00021071563,-8.26742e-05,0.00014610411,3.0386755e-06,6.45801e-05,3.8395096e-06,9.360778e-05,-8.514545e-05,-7.894766e-05,2.195836e-05,2.3228058e-06,-9.1519305e-06,2.8599763e-05,-0.00013914493,0.0001085988,2.0954732e-05,0.00010932026,5.7162422e-05,-4.7461835e-05,-6.0417693e-05,0.00019712282,0.00022295752,0.00017077482,0.0001263295,7.517823e-05,-8.33807e-05,0.00010152546,-9.040806e-05,0.00016390908,3.0221516e-05,-1.7927526e-06,-1.910398e-05,8.6705324e-05,-0.00012656942,0.00014797757,0.00010175378,-5.0814368e-05,0.00015966284,0.00011589971,-1.9191544e-05,0.0002648202,2.2264426e-06,3.1781037e-05,0.00011872139,0.00014607189,0.00015539768
AF206518.2_5,-4.240465e-05,7.9781246e-05,2.4592094e-07,-0.00012063956,0.00015004273,-4.9291273e-05,2.0308471e-05,-6.464434e-05,-0.00012452308,3.7856837e-05,0.00017155078,-6.8959955e-05,6.336768e-05,0.00014765715,0.00013267704,3.2068587e-05,8.3849896e-05,0.00021974758,-1.1182583e-05,0.00018085085,1.7836916e-05,-8.594791e-05,0.00014010697,7.938907e-05,-0.00024187996,0.00010932729,3.3379513e-06,1.0276526e-05,9.22225e-05,0.00011492998,-0.00016720562,-1.7703347e-06,-9.816972e-05,-2.0320846e-05,8.240237e-05,0.00016001619,4.4560416e-05,-3.2696753e-05,2.2885824e-05,9.1110036e-05,0.00013827873,-7.213832e-05,-2.4221295e-05,0.00019102276,-7.7123565e-05,0.00016477797,6.940818e-05,-3.304614e-05,2.0313099e-05,2.9542662e-05,0.00012589982,-5.0717965e-05,-1.9885265e-05,8.982776e-05,0.00021144062,-2.731425e-05,-2.5509557e-05,-1.9194566e-05,0.000117259464,0.00013544383,0.00010806653,3.692537e-05,0.00025070342,2.1724678e-05,0.00017538597,-7.747763e-05,-9.579595e-05,0.00012345015,4.161569e-05,0.00015873395,-6.460111e-05,2.4972092e-05,4.635877e-05,0.0002762618,0.000155169,0.0001889693,0.00012818947,-0.00017338287,7.3080914e-06,1.8361221e-05,6.379968e-05,9.506924e-05,0.00022565109,-0.00010197829,-0.00015935197,4.901684e-05,0.00017653439,0.00017738475,6.25803e-05,0.00011853727,0.00013400626,-6.8062734e-05,0.00015504294,4.343194e-05,-1.0893401e-06,9.744679e-05,0.00012696334,-5.5617813e-05,0.00018465113,4.062698e-05
DQ201177.1,0.00024826234,-3.2142278e-05,0.0001051909,3.4126442e-05,8.7754874e-05,-9.194613e-05,-4.0181934e-05,-3.8429767e-05,0.00027698063,-0.0001007861,0.00010681674,5.314875e-05,2.9577863e-05,2.5023094e-06,0.00015258287,0.00016336802,0.0001677349,-0.0001341806,3.0891129e-06,1.7299077e-05,9.608952e-05,-0.00018076875,0.00017383987,-0.00013424137,-0.0001388701,0.00020088593,3.089425e-05,0.0001411714,-0.000111285546,3.0011446e-05,0.000106364285,8.418208e-05,0.00012361589,0.00022901525,8.315499e-05,1.9165304e-06,4.841298e-05,-4.417372e-05,-9.669179e-06,0.00010983117,0.00011028438,-2.1925045e-05,-8.4250765e-05,2.4257515e-05,0.00010733517,0.0002687716,4.204219e-05,6.4236534e-05,1.0608979e-05,7.8803176e-05,0.0001410439,-0.0001293563,-0.00015216113,-6.843601e-05,7.010203e-05,1.2370715e-05,-0.00020329215,-1.1569846e-05,4.737715e-05,-3.7966616e-05,4.4119566e-05,1.5591479e-05,-0.00016357523,5.6026754e-05,0.00013065233,7.021904e-05,0.00014750696,0.00010989885,1.815638e-05,-0.00017792304,5.1543797e-05,-5.422796e-05,-5.5424707e-06,-5.9627004e-05,-6.668608e-05,2.0358419e-05,2.9360548e-05,7.314593e-05,0.00021131129,5.301883e-05,-5.343781e-05,0.00018336298,2.8756642e-05,-9.270698e-05,0.0001349874,0.00014865717,7.678811e-06,-0.00016343372,-0.00011704857,-5.1323557e-05,0.00018903225,0.00012295716,9.7799726e-05,-0.00020186097,-8.191307e-05,-0.000121985286,0.00015072036,-7.2672924e-06,0.00011093501,3.501746e-05
AB237837.1,2.506478e-05,4.447772e-05,-3.0671627e-06,0.0001814303,9.392392e-05,0.00013072719,-4.6317695e-05,0.00022452897,8.763549e-05,-7.033977e-06,-0.0001106509,7.169847e-05,0.00016974413,-2.2405038e-05,-6.435109e-05,5.4836914e-06,0.00015224972,7.341603e-05,6.867099e-05,8.906013e-05,0.000207085,9.00751e-05,9.640836e-05,0.000107492066,0.00026311752,-5.5421275e-05,7.3592055e-05,-9.5334275e-05,-0.00015914772,4.78734e-05,0.00017254932,5.0918465e-05,8.8187146e-05,0.00016591744,2.8338945e-06,2.6711754e-05,5.2955413e-05,5.7950725e-05,2.36555e-05,0.00010266867,4.3694134e-05,-9.741815e-05,3.0486824e-05,0.00015152474,4.368241e-06,0.00017272332,3.639507e-05,-0.00018090973,7.669836e-05,-4.3983873e-05,8.574044e-05,0.0001631641,0.00018184396,0.00016954551,-0.00016319592,1.4810659e-05,4.2920157e-05,-0.00014666222,0.00021324109,-0.00015552832,3.8924838e-05,-5.013399e-05,-3.872702e-05,0.00016120322,-0.00013335627,0.00016355468,6.873585e-05,0.000103978746,3.436077e-05,0.00013357778,8.992158e-06,-0.00010009972,9.6881726e-05,5.506532e-05,6.45377e-05,6.8248382e-06,0.00014641654,1.2792881e-05,-0.00015257759,0.00018148888,-0.00015852274,0.00012205288,-7.6146066e-06,-5.786205e-05,2.6648191e-05,8.745808e-05,2.3216126e-05,3.403755e-05,-0.00012920162,7.8480356e-05,-5.762304e-05,2.2719889e-05,-7.00341e-05,9.310315e-05,-5.186964e-06,-2.3434697e-05,8.4306375e-05,0.00021324623,-8.06329e-06,0.00014309824
EU262658.1_1,1.5603384e-05,-0.00014815688,-8.1061095e-05,0.00013899147,-9.765503e-05,0.00012124072,-2.6591226e-05,0.00025948716,-3.0476773e-05,-4.6095224e-06,4.4288467e-05,7.747594e-05,6.085392e-06,-1.3445465e-05,0.00024063548,-3.154943e-05,-0.00014583582,-3.214245e-05,0.00010921597,-0.00015667106,4.928418e-05,1.9931142e-05,4.1941752e-05,-0.00013459679,-4.786264e-05,-0.00010184849,9.1004935e-05,0.000108220745,2.806651e-05,-9.595397e-05,4.5085766e-05,2.7920607e-05,0.00012970748,-2.2485181e-05,0.00011791589,0.00013240278,-5.5238677e-05,-1.7977238e-05,0.00014706753,0.00015318928,3.6300877e-05,1.4051566e-05,7.7359626e-05,-5.259619e-06,5.570514e-05,1.4681224e-05,4.4230845e-05,7.002283e-05,-0.00013583772,0.0001349656,8.63826e-06,9.577461e-05,-2.633659e-05,-4.8662903e-05,-0.000119473305,-0.00013494222,5.2904452e-05,-9.295997e-05,-9.222785e-05,8.903257e-05,-7.5803175e-05,-0.00012694273,0.00012844219,-2.4467312e-05,6.934009e-05,0.00010400824,0.00014927662,-0.00014838034,0.00019465195,-3.204926e-08,-6.035584e-05,6.447131e-05,2.015568e-06,-7.729349e-05,-5.1999366e-05,9.280715e-06,1.7734332e-05,-3.405829e-05,0.00010625263,-3.0355426e-05,-5.465879e-05,-0.00016895388,6.450562e-05,-7.978865e-05,-5.6287812e-05,8.915226e-05,0.00022038002,9.865135e-05,9.315611e-05,-0.00016507546,-5.173506e-05,-5.440652e-05,-7.732054e-05,-0.000107311556,-6.1856685e-05,9.9394e-05,1.747845e-06,-0.00016492103,-0.0001805368,-0.00012205943
AY278491.2_1,-5.929448e-05,-0.00014914024,0.0002544353,-0.00010457865,-0.00026257217,-0.00013194836,-0.00014381661,7.52505e-05,-8.89464e-06,0.0003418585,4.297265e-05,4.6244175e-05,9.702048e-05,0.00011439182,6.1570965e-05,0.0001143086,6.473206e-05,0.00018123783,-5.832768e-05,3.785737e-06,8.369315e-05,-0.000110232686,9.7812575e-05,6.0479684e-05,-3.768427e-05,-3.3543456e-06,7.314381e-06,5.9722177e-05,-8.323131e-05,-4.806246e-05,-8.383438e-05,0.00017811531,0.0001904019,-4.6935253e-05,7.939008e-05,0.0001669327,5.178934e-05,-0.000104104605,-7.638936e-05,-0.00011865196,5.5466022e-05,-6.7061905e-05,-0.000107609485,2.210604e-05,4.139334e-05,-6.2434156e-05,-6.519239e-05,-1.830065e-05,7.851967e-05,7.19512e-05,2.7766214e-07,0.00010214273,0.00016441177,0.00019988696,3.6237023e-05,2.8021574e-05,-3.826593e-05,2.0583077e-06,-0.00012527725,-8.573137e-05,6.091342e-05,2.5073828e-06,0.0001411256,-3.9652106e-05,-0.00023840685,-3.823766e-06,0.0001308481,-3.5318022e-05,-2.9091087e-05,6.689003e-05,8.553274e-05,-1.0379199e-05,9.177487e-06,0.00010185745,0.00018106979,-4.768618e-05,4.0887546e-05,0.00018378104,9.7083124e-05,6.522529e-05,-5.302141e-05,0.00016326291,2.7393353e-05,-0.00024505757,0.00011851614,8.169402e-06,-9.724251e-05,-0.00012441554,4.1442676e-05,1.0795131e-05,0.00019335754,-3.3403333e-06,0.00010983651,6.9644586e-05,7.021311e-05,-0.00013552673,-7.7133176e-05,0.00014543068,-7.2204486e-05,4.3095108e-05
GQ855357.1,0.00010904227,1.4730826e-06,4.2465388e-05,9.651313e-05,0.00020861387,-2.8549031e-05,-1.0330371e-05,-7.498233e-05,0.000108577624,-0.00014417882,9.270477e-05,9.373298e-05,1.9536446e-05,-7.799118e-06,0.00016115268,0.00022940134,6.347707e-05,-2.565959e-05,0.00016402997,6.628172e-05,3.1378404e-05,0.00016927188,3.0752144e-05,-0.00014800494,-0.00013126312,9.303034e-05,0.00015376922,2.4469084e-05,-0.00021259692,5.4194774e-05,0.00014284164,-0.000219526,-0.0001293486,-9.322873e-06,-0.00015417398,0.00021747392,2.8708942e-05,0.00014750545,-7.87221e-05,-4.502143e-05,1.4023434e-05,2.5699452e-05,-5.6294095e-05,3.868953e-05,-3.0754803e-05,2.8365394e-05,0.00011830686,1.587416e-05,-1.8675522e-05,0.000101786034,8.042559e-05,4.414528e-05,0.00018178656,-0.000101469035,9.598566e-05,-0.00014215533,0.00020468535,-3.0207239e-05,0.00025641808,0.0002015535,-3.5119287e-05,-0.00013244126,0.000110356516,3.4805656e-05,5.4331234e-05,0.00010816496,8.142444e-05,2.470992e-05,-9.232374e-05,-0.00012632825,8.882991e-05,-4.052979e-05,1.492196e-05,-6.3815634e-05,0.00011837394,-9.119464e-05,-4.4264238e-05,0.00021995741,-0.00015436579,-4.9768516e-07,7.415553e-05,0.0003277167,0.00019018666,8.583411e-05,9.622892e-05,-1.47479395e-05,-0.00014624381,-6.824722e-05,6.680228e-05,-0.000102337646,-9.165563e-05,9.438301e-07,6.5191794e-05,0.00014765668,8.176009e-05,-6.6518546e-06,8.8608176e-05,3.532849e-05,0.00011414195,-2.9435108e-05
NC_001798.2_1,8.406092e-05,-0.00016241468,-0.00012166271,0.0001021261,8.973979e-05,8.501814e-05,3.7579433e-05,-9.449434e-05,-0.00014386288,8.1357495e-05,5.1918716e-05,-4.6992303e-05,-7.054201e-05,-4.8309274e-05,5.2578478e-05,1.1221757e-05,5.013136e-05,-2.9321987e-05,-8.635879e-05,6.0651553e-05,1.8983501e-05,-7.465763e-05,8.330586e-06,0.00015785525,9.122811e-05,0.00016205339,9.9108365e-05,-1.6294542e-05,9.780001e-05,4.7650996e-05,0.00018201447,0.00018573798,0.0001236952,-0.00012649938,-0.00012503787,-1.391304e-05,0.000109299115,0.00017636277,0.00024589873,0.00015336598,-0.00010991962,1.40354205e-05,-0.00016199703,-2.102074e-05,-8.3069186e-05,-2.9041834e-05,-4.862283e-05,2.0940373e-05,0.00015070937,4.1726562e-05,-0.00010818386,-6.7629946e-05,0.00023913989,-9.410753e-05,-4.6939636e-05,-7.084573e-07,0.0001821753,-8.224504e-05,7.9522695e-05,-0.00012810578,-5.4550528e-05,-1.9233938e-05,8.240006e-05,-4.6672198e-05,0.00010983461,0.00012298432,0.000113461494,0.00011392501,-0.00027269538,-1.2238389e-06,-0.000120701465,-0.00018368746,0.00014348298,0.00020185733,-5.670977e-05,-9.233029e-05,-6.7534e-05,-0.00019112359,-0.00016052264,2.976826e-05,-2.8264826e-06,-4.9458235e-06,0.00011858235,-9.5983865e-05,-0.00012839868,0.0001040256,-0.00019753253,-6.366382e-05,0.00010559267,3.631939e-05,0.00013723367,-0.00012140364,-5.573553e-05,0.000417191,0.0001007282,-8.574053e-05,6.8624344e-05,-6.676705e-05,-0.00032009737,7.408147e-05
AY268070.1,0.00013828173,-6.113133e-07,2.77525e-05,0.0002242866,-3.1140746e-05,2.1362948e-05,4.7031044e-05,-5.873222e-05,3.5093733e-05,3.04962e-05,-7.703104e-05,0.00013261825,0.00014371956,5.512985e-05,3.4135814e-05,0.00014897298,1.970584e-06,-3.992943e-05,9.412685e-05,-8.525307e-05,-9.504958e-05,-3.0682964e-05,-3.5308025e-05,0.00014620608,-0.00026831645,-9.2956245e-05,-4.5287925e-05,0.00012898464,0.00021667378,7.778927e-05,8.186038e-05,0.00021200783,-5.1751963e-06,0.000118895536,5.1574745e-05,6.15227e-05,0.00016321163,8.351551e-05,7.300925e-05,-1.798215e-05,9.5636606e-05,0.00010649965,0.0001422134,4.7931415e-05,-9.077597e-05,-7.232959e-05,0.00012363853,2.2042315e-05,8.678968e-05,-9.7462434e-05,-3.040519e-05,0.00013143034,-1.0393745e-05,0.00017280542,-0.00013630376,-2.4431949e-05,-0.00024505128,4.9353443e-05,9.645342e-05,-2.7625572e-05,-7.475595e-05,2.7540393e-05,0.00010784497,-5.1852144e-06,0.000113483606,0.00013451496,0.000119700846,0.000103329825,2.612781e-05,-0.00010398725,0.00018207422,5.2505835e-05,-4.6234316e-05,0.00013436233,5.5954965e-06,-6.9244525e-05,-6.1406965e-05,7.6058323e-06,-4.4406534e-05,-4.97102e-05,-3.4997967e-05,0.00015938908,-4.86681e-05,-9.767393e-05,-8.495731e-05,3.754129e-05,-5.622688e-05,-1.7282902e-05,8.928132e-05,0.00012705728,3.803203e-05,2.1513777e-05,4.7749414e-05,0.00019724657,-0.0001087179,4.543934e-05,-0.00015031447,0.00016499015,0.00011040591,9.847329e-05
