virsi1190,0.0142604895,0.038383257,0.037788708,0.0071742507,0.04840185,0.011903014
virsi1743,0.019187173,0.038428474,0.04283606,0.0015040453,0.00023442089,0.0007555817
virsi1917,0.026480993,0.002358355,0.023658516,0.00793702,0.0014779288,0.008987306
virsi1752,0.00068891584,0.0003200576,7.6914526e-05,0.00046653682,1.00979405e-05,9.023127e-05
virsi2205,0.028441379,0.03659434,0.008783664,0.034564145,0.022969494,0.027381891
virsi1968,0.007740581,0.009649116,0.00721795,0.0017952343,0.003236722,7.8259035e-07
virsi1757,0.004745835,0.0010231232,0.0036306742,0.00047864433,0.00024924395,0.001112332
virsi1696,0.002070603,0.016671594,0.010000723,0.0077805845,0.0009055782,0.011400036
virsi2178,0.012999261,0.02924166,0.031088455,0.008124371,0.0009922077,0.0006919836
virsi1737,0.007968804,0.04352953,0.008953064,0.043073162,0.04216772,0.008181425
virsi1732,0.0150536625,0.03600393,0.012090221,0.0365648,0.04527848,0.014642497
virsi1366,0.009400163,0.037212208,0.03309591,0.018385293,0.025745424,0.025229642
virsi1897,0.026619133,0.034618832,0.029861296,0.028855186,0.033735428,0.0128881335
virsi1742,0.01763062,0.0013271727,0.0151371,0.005025369,0.003389448,0.001119835
virsi2201,0.04935164,0.001008272,-0.003225938,-0.0034236363,0.025058277,0.006106893
virsi1254,0.026369262,0.03400812,0.011689138,0.037079055,0.02496317,0.027231501
virsi1873,0.010392469,0.055537798,0.0030405289,0.026020825,0.0047563324,0.011986415
virsi1507,0.019240387,0.0021532634,0.009551732,0.002351202,0.00569843,0.0062482874
virsi1691,0.0060255425,0.019917076,0.0069598197,0.0047131917,0.008292373,7.9016485e-05
virsi1882,0.0009296622,0.008879735,0.0051564453,0.00096141803,0.0021825747,0.0022889907
virsi1749,0.038504317,0.018439896,0.02511288,0.017299544,-0.0027786046,0.0035235242
virsi1754,0.002820931,0.002478787,0.0002705796,0.00055299664,0.0002117434,0.00035666753
virsi1666,-5.558542e-05,0.04412926,0.03702503,0.021028798,0.04148581,0.006943682
virsi1265,0.03806951,0.022821177,0.017177524,0.034496453,0.03445947,0.0046024364
virsi1880,0.09126302,0.005042329,0.0038545725,0.0024177455,0.002398222,0.0049806656
virsi1862,0.015103241,0.057655744,0.020748729,0.04996995,0.008827119,0.0177505
virsi1296,0.005520079,0.05831727,0.0016905166,0.033933688,0.017181853,0.025282552
virsi1975,0.00025899842,0.0050090575,0.0011692081,0.0027715876,9.604295e-06,0.0016816728
virsi1720,0.0150536625,0.03600393,0.012090221,0.0365648,0.04527848,0.014642497
virsi1973,0.009539236,0.028530777,0.004178488,0.016408551,0.0060041277,0.02124732
virsi1863,0.017445035,0.051965285,0.017729547,0.00023006309,0.019435875,0.03114151
virsi1901,0.0063066115,0.0017300966,0.0015339988,0.004187511,0.0019809953,0.0007131333
virsi1758,0.006685064,0.0722221,0.0013101029,0.0037719905,0.023488717,0.027438922
virsi1845,0.017558526,0.051002022,0.014669529,0.010409857,-0.000936836,0.03351209
virsi2209,0.0032017992,0.0010697414,-8.368835e-05,-1.3084457e-05,0.0016948996,-0.00017278898
virsi1276,0.04205865,0.0062409886,0.03115959,0.005423612,0.009662807,0.030660499
virsi2196,0.038930807,0.008911949,0.0003077332,0.040093247,0.036823593,0.0132349115
virsi1964,0.015113121,0.053536974,0.0053947708,0.043118272,0.0072832406,0.004890294
virsi1303,0.046662178,0.0034334918,0.028977685,0.037618496,0.020274295,0.0424797
virsi1188,0.0059842453,0.04966728,0.00076626416,-0.0020329482,0.022999752,0.00084296963
virsi1978,0.01831009,0.038962763,0.039242942,0.0044513685,0.027246468,0.019700374
virsi1372,0.009400163,0.037212208,0.03309591,0.018385293,0.025745424,0.025229642
virsi1264,0.028545218,0.023335552,0.018444357,0.01587777,0.0004222576,-0.0009790048
virsi1761,0.013137593,0.04232535,0.02124093,0.031856634,0.0032283156,0.0074394494
virsi1846,0.020976085,0.03935234,0.055816483,0.00329069,0.013625852,0.02778979
virsi1748,0.023814287,0.009906606,0.024498442,0.0020764067,9.163193e-05,0.019457933
virsi1298,0.03333128,0.034144085,0.030646162,0.010890962,0.0036614165,0.03668446
virsi1697,0.011224981,0.001673071,0.0052781636,0.005150792,0.004724426,0.0038854086
virsi1774,0.004370148,0.0013784596,0.0017500765,0.000238694,0.00012839468,0.00019623162
virsi2158,0.025231844,0.011038656,0.023417415,0.012008989,0.02723008,0.0055044866
virsi1876,0.04222495,0.0025483712,0.03182085,0.049163327,0.0003707654,-0.0005339437
virsi1692,0.010228553,0.05961858,0.032599784,0.04168235,0.022865769,0.039496474
virsi1509,0.036049586,0.0174586,0.01640029,0.03156019,0.009894779,0.031715833
virsi1898,0.035527635,0.027735751,0.0012201781,0.0009766056,0.0073850225,0.029238362
virsi1881,0.09126302,0.005042329,0.0038545725,0.0024177455,0.002398222,0.0049806656
virsi1393,0.042516824,0.042859185,0.011086781,0.042337753,0.039477803,0.018406136
virsi1872,0.05494528,0.012493979,0.0073063006,0.007347455,0.017971965,0.012260743
virsi2206,0.0069676936,0.021136727,0.023499625,0.01841951,0.0038838526,0.009599064
virsi1738,0.023243714,0.02645022,0.00707605,0.01335224,0.01781582,0.013106348
virsi1869,0.018005226,0.07861881,-0.0052405507,-0.00035834924,0.019325374,0.03959336
virsi1851,0.040266994,0.0031809097,0.03982389,0.0035877773,0.032181866,0.0064569158
virsi1997,0.005747835,0.010271266,0.008247741,0.00585741,0.003628281,0.0065622237
virsi1744,0.03316718,0.035633214,0.034213193,0.017337525,0.031511527,0.0027605444
virsi1971,0.0011252682,0.033009686,0.0076989504,0.0023608496,0.0007034608,0.0035222746
virsi1776,0.0383006,0.016413469,0.036622915,-0.002702572,0.021197196,0.023970835
virsi1727,0.030133646,0.009322216,0.0031147623,0.020653427,5.473577e-05,0.0009367995
virsi1343,0.008216343,0.02021514,0.008549378,0.020061325,0.000952198,0.0008218755
virsi1369,0.024223963,0.007703384,0.0007306735,0.0018319021,0.005928418,0.0038250503
virsi1694,0.03619702,0.0043233624,0.0034687084,-0.00028459096,7.5593357e-06,0.007168332
virsi1751,0.004788668,0.016924016,0.0019061427,0.0099632675,-0.0006786261,0.0035077021
virsi1992,0.019149303,0.028185932,0.022778885,0.025131138,0.0008098809,0.0012722261
virsi1157,0.0025586144,0.009317609,0.0007419708,0.0076187225,0.0012158689,0.0013904773
virsi1767,1.69489e-05,0.00011544625,4.36476e-05,3.450034e-05,1.2305356e-05,1.49454945e-05
virsi1740,0.028079526,0.03131747,0.007078061,0.03624815,0.027718632,0.007277359
virsi1867,0.03058364,0.0313817,0.009263481,0.03871851,0.03655042,0.002571366
virsi1263,0.032438114,0.032164093,0.044614665,0.003795696,0.018002123,0.040637527
virsi1156,0.034461685,0.03000873,0.002918598,0.008217936,7.7698656e-05,0.0006411236
virsi1877,0.018306583,0.034832705,0.0015264592,0.039434128,0.021774782,0.027993798
virsi2203,0.014412522,0.0019616466,0.007423367,0.00826126,0.0017549352,0.0062893094
virsi2207,0.0012939688,0.0042831483,0.0015154616,0.0039263475,0.0013159736,0.0019213619
virsi1255,0.008794354,0.037135478,0.014134201,0.01122032,0.0024954786,0.01239826
virsi1702,0.02390637,0.0030039859,0.015262779,0.019585105,0.0051110685,0.019091563
virsi1260,0.032322455,0.0069813966,0.00074182753,0.03053755,0.0018066156,0.02830668
virsi1290,0.0011633035,0.0010249789,0.00024773474,0.00018423612,1.8129036e-11,-1.8003523e-12
virsi1759,0.031995103,0.03422688,0.045574587,0.010765702,0.009049338,0.04584601
virsi1976,0.00950605,0.015718903,0.0011363022,0.0007666334,-0.0011334128,-9.749957e-05
virsi1760,0.032863166,0.0030264547,0.008384121,0.01674905,0.0034234778,0.017893273
virsi2127,0.0032017992,0.0010697414,-8.368835e-05,-1.3084457e-05,0.0016948996,-0.00017278898
virsi1282,6.663297e-05,0.00014164994,1.5927712e-05,7.0705737e-06,-2.5938965e-07,9.77095e-06
virsi1695,0.04015402,0.024599956,0.038029697,0.027762838,0.033024095,0.033289764
virsi1745,0.036946226,0.012674139,-0.0003146589,-0.0010358547,0.0039815535,0.0016397677
virsi1866,-0.0029218507,0.047105983,0.024784042,0.03161366,0.008836856,0.04121025
virsi1262,0.0074965125,0.009419095,0.00025677535,0.008940231,0.0024372612,0.0019934864
virsi1371,0.007154695,0.0831045,0.0028764172,0.00014881357,-0.019393738,-0.0020610353
virsi1746,0.00034670002,0.0030498425,0.001470229,0.0015295398,0.0005506482,0.00059575785
virsi1952,0.0054726857,0.04060795,0.03888065,0.021241728,0.0006070342,0.035551656
virsi1273,0.020141385,0.06061301,0.0052757813,0.021796755,0.015075286,0.022426601
virsi1292,0.05166418,0.0005722195,0.0033019013,0.023959031,0.026089618,0.014234935
virsi1294,0.0073276833,0.022401785,0.017061733,0.018352736,0.012013318,0.016401095
virsi1847,0.056428175,0.0322057,0.0011423212,0.046912696,0.015434786,0.007632638
virsi2177,0.017317358,0.10628913,0.0056151273,0.013799013,0.022454543,0.023348635
virsi1295,0.03834193,0.04110374,0.0120153995,0.0048293793,0.03126537,0.001868197
virsi1879,0.008949736,0.03938142,0.0058932905,0.031777855,0.030380625,0.00063781516
virsi1370,0.001601778,0.044598766,0.016152307,0.026449041,0.00300625,0.02831501
virsi1870,0.018005226,0.07861881,-0.0052405507,-0.00035834924,0.019325374,0.03959336
virsi1769,0.0015858897,0.047027756,0.04492158,0.014077235,0.033879377,0.031431627
virsi1899,0.0061829374,0.008034696,0.0066050556,0.0049130963,0.00022317054,0.0003214256
virsi1736,0.012299935,0.001022005,0.011341694,0.006172665,0.004663994,0.0048210165
virsi1022,0.004522066,0.022592403,-0.0005159087,0.00040234803,0.006482036,0.00077348656
virsi1510,0.01911237,0.034757964,0.010207537,0.014645312,0.0007257454,0.022436481
virsi1755,0.006925194,0.015673326,-0.00043516784,0.0010924911,0.0032128862,0.0057376768
virsi2197,0.044258818,0.010141327,0.022144528,0.03956563,0.0056529776,0.040734723
virsi1972,0.054604392,0.01965457,0.02494325,0.00718177,0.016959356,0.013176291
virsi1849,0.0009464787,0.0021742738,1.6182672e-05,-4.9536216e-06,0.00041075813,9.6803735e-05
virsi1864,0.017445035,0.051965285,0.017729547,0.00023006309,0.019435875,0.03114151
virsi2200,0.00031306973,0.00066799595,4.354387e-05,0.00025937633,-4.1745887e-05,9.050258e-05
virsi1713,0.0003980826,0.0026152467,0.0006666463,0.0013323872,0.0012382206,0.00029676358
virsi1747,0.011814148,0.0152301015,0.0077055884,0.0028225794,-7.10131e-05,0.0042200717
virsi1741,0.055921,0.00926836,-8.887832e-05,-9.494958e-06,0.002784042,0.009957309
virsi1764,0.001323568,0.00023918643,0.00021743505,7.801054e-05,3.998892e-05,0.00017719153
virsi1381,0.04110414,0.036910713,0.03820288,0.025166584,0.041793443,0.009230925
virsi1690,0.0076472736,0.0113245,0.0070925644,0.0039697317,0.0014628003,0.003126099
virsi1297,0.047429107,0.007857183,0.047071133,0.0010383115,0.016247151,0.044165593
virsi1756,0.023766227,0.002805915,0.0026716897,0.002236118,0.007045596,0.011642547
virsi1293,0.05156861,0.041479073,0.014006102,0.03351766,0.0011484282,0.0017653598
virsi1772,0.042563476,0.0067122546,0.0021374077,0.021936698,0.004884273,0.009372712
virsi1693,0.02406204,0.020594774,0.018631777,0.009635932,0.015658492,0.015351837
virsi1268,0.0010241247,0.00039546794,0.00082362525,0.00018071244,9.5569645e-05,4.993435e-05
virsi2124,0.0069676936,0.021136727,0.023499625,0.01841951,0.0038838526,0.009599064
virsi1979,0.0030922007,0.0030964082,0.0008080499,0.0031974814,0.0007267358,0.00079039944
virsi2208,0.0008083656,0.0130262235,0.012201596,0.0020045633,0.010214586,0.003798151
virsi1704,0.018744184,0.047235064,0.041614886,0.005630779,0.02278204,0.04019981
virsi1386,0.043289326,0.036810942,0.032870024,0.036551755,0.045954153,0.0006684086
virsi1389,0.07301105,0.021720193,0.008934569,0.0428831,-0.0008858644,0.0004130215
virsi1865,-0.0029218507,0.047105983,0.024784042,0.03161366,0.008836856,0.04121025
virsi1750,0.002971255,0.010290691,0.005721423,0.0023355528,0.0049420637,0.00093340414
virsi1731,0.0005470154,0.00078430376,0.000116295596,0.00015184538,5.298378e-05,-6.80881e-06
virsi1974,0.026783174,0.02118034,0.009811889,0.029474825,0.015245646,0.03204568
virsi1373,0.034077846,0.03247202,0.041747916,0.021706192,0.00072091504,0.046988204
virsi1700,0.00039740113,0.0009560896,0.00071890437,0.0008494139,0.00026247598,0.00024871834
virsi1300,0.027777793,0.027816834,0.011130818,0.029938826,0.028170701,0.016482085
virsi1342,0.011195923,0.008392866,0.004661185,0.001977544,0.006915393,0.00054194644
virsi1447,0.0008468113,0.0027158728,-5.3781558e-05,0.0020679606,0.00026154437,0.00026211565
virsi1878,0.008949736,0.03938142,0.0058932905,0.031777855,0.030380625,0.00063781516
virsi1874,0.010392469,0.055537798,0.0030405289,0.026020825,0.0047563324,0.011986415
virsi1722,0.002560086,0.005034731,0.0030261455,0.0017793791,0.00011528373,0.00073633634
virsi1259,0.0018579953,0.0008813738,0.0005766873,0.001042228,0.0006268009,0.00020997015
virsi2126,0.0008083656,0.0130262235,0.012201596,0.0020045633,0.010214586,0.003798151
virsi2204,0.02031721,0.041135672,0.043201126,0.015860401,0.041416332,0.018762883
virsi1020,0.020868797,0.020009032,0.020633576,0.0063111554,0.0070868316,0.005879288
virsi1965,0.0035385243,0.050714366,0.016130367,-0.0014179881,0.003151137,0.034704544
virsi1977,0.023996124,0.032907404,0.00024328762,0.002691939,0.0022041723,-0.004777546
virsi2202,0.012078992,0.03401853,0.008182668,0.035635676,0.032578066,0.010951012
virsi1699,1.69489e-05,0.00011544625,4.36476e-05,3.450034e-05,1.2305356e-05,1.49454945e-05
virsi1719,0.043603584,0.011331808,0.0020230736,-0.00079966174,0.012009921,0.016297566
virsi1775,0.012055795,0.0050192103,0.0012202548,0.0025782003,0.0058246455,0.0012313796
virsi1848,0.009628878,0.03775271,0.027370486,0.023059268,0.034865193,0.008634613
virsi1868,0.03058364,0.0313817,0.009263481,0.03871851,0.03655042,0.002571366
virsi2198,0.02499668,0.037761133,0.04332452,0.010171316,0.019024394,0.017765159
virsi2179,0.031152759,0.05876713,0.026685297,0.060096957,0.00034046327,0.00072133576
virsi1689,0.03619702,0.0043233624,0.0034687084,-0.00028459096,7.5593357e-06,0.007168332
virsi2199,0.0049858787,0.038537204,0.022017706,0.028787846,0.0055895373,0.004483671
virsi1871,0.05494528,0.012493979,0.0073063006,0.007347455,0.017971965,0.012260743
virsi2125,0.0012939688,0.0042831483,0.0015154616,0.0039263475,0.0013159736,0.0019213619
virsi1900,0.045240283,0.0015043572,0.0016005245,0.0015984805,0.013705292,0.02311254
virsi1368,0.027265217,0.002647762,0.017668571,0.024535565,0.0136072105,0.014855907
virsi1266,0.001324136,0.026732704,0.030814309,0.0083515225,0.018126795,0.012672294
virsi1723,0.013851828,0.015635697,0.010101173,0.010912314,0.011716278,0.00478157
virsi1852,0.016982423,0.046051253,0.005336552,0.0025557762,0.027065495,0.0073791426
virsi1721,0.013007843,0.010092477,0.010552908,0.0033184441,0.0037007427,0.005113519
virsi1299,0.0048608403,0.045579527,0.025460655,0.005897076,0.0007386032,-0.0032376258
virsi1698,0.0010025018,0.0024375252,0.0014757303,0.00017215415,0.000499087,0.0011510868
virsi1257,0.028779417,0.029974086,0.0045639453,0.004247198,-0.0005036731,0.00037691375
virsi1993,0.010193523,0.00659516,0.0040781936,0.0071570813,0.0038806077,0.00032379868
virsi1390,0.021910835,0.0021141318,0.015382935,0.015235946,0.00075730216,0.000871373
virsi1753,0.0005995961,0.0018145255,-0.00014728126,6.535666e-05,-0.00017689077,6.0497372e-05
virsi2180,0.007043162,0.010953456,0.0072200703,0.0079030655,-0.00019186555,0.009597808
virsi1861,0.015103241,0.057655744,0.020748729,0.04996995,0.008827119,0.0177505
virsi1289,0.052045938,0.032056376,0.006547806,0.0027991964,0.040221512,0.0045790025
virsi1021,0.009985014,0.0013661612,0.0007208428,0.00772067,0.00041134513,0.0018610306
virsi1980,0.002120535,0.031606793,0.020279659,0.007839877,0.007089031,0.0026969602
virsi1902,0.00010496095,0.0004040802,0.00031411304,1.4829254e-05,5.5330358e-05,2.1329563e-05
virsi1739,-0.0008542277,0.029523075,0.032426104,0.00834376,-0.000547947,0.003745426
virsi1770,0.006069034,0.0016443153,0.0022015828,0.0041174106,0.00030694163,0.0012044802
virsi1701,0.0061699166,0.027417269,0.016245361,0.005533236,-0.0036572951,-0.0009707319
virsi1966,0.010601697,0.04683022,0.0271269,0.03347515,0.0024427506,0.044057097
virsi1730,0.019433737,0.036556374,0.036141016,0.018159598,0.0058497307,0.032958645
virsi1508,0.009447471,0.009952465,0.0065919873,0.0071239364,0.008394232,0.0016395937
virsi1955,0.014296578,0.006541019,0.01349546,0.0010442848,0.0013169014,0.0004277797
virsi1023,0.034461685,0.03000873,0.002918598,0.008217936,7.7698656e-05,0.0006411236
virsi1288,0.016407546,0.065566525,0.009097364,0.03774873,0.007983237,0.011608052
virsi1275,0.03874911,0.0062813433,0.003910305,0.026102902,0.017895546,0.018627021
virsi1735,0.002789983,0.0031564382,0.0010894176,0.0008796842,0.00095842517,0.00035719047
