T155,0.023653898,0.06079509,0.020822918,0.031208182,-0.0026550486,0.013339416
T200,0.017162565,0.02586636,0.0032181146,0.0074154823,0.001279953,0.0026783042
T444,0.056722675,0.022700192,0.021846052,0.0019449666,0.013279025,0.05728779
T218,0.004563359,0.04660199,0.015641768,0.056681905,0.0294739,0.033646118
T392,-0.00017760444,0.004455887,0.0024712319,0.0011838771,0.0008555763,0.0015082253
T48,0.04741611,0.009809378,0.006957121,0.03988034,0.04617795,0.00096687657
T528,0.042382818,0.05394077,0.046895858,0.0071311523,0.024820294,0.0067321723
T98,0.04807606,0.046490584,0.011347813,0.010311375,0.012068802,0.012398595
T306,0.0041108574,0.0011397002,0.001674393,0.0025629727,0.00053614215,0.00066144275
T530,0.055455692,0.04446979,0.0014709499,0.04673754,0.018246107,0.018480217
T53,0.011567396,0.020321433,0.019545386,0.008473954,0.011523298,0.0062090517
T609,0.0011060343,0.04732391,0.04194592,0.031159965,0.04900204,0.024136864
T203,0.04297295,0.041851386,0.0025657653,0.010300151,0.018451806,0.025034644
T501,0.028402895,0.02240559,-0.0011117083,-0.002053925,0.0070918114,0.0026866295
T342,0.07558342,0.022873493,-0.0002584089,-0.0010006016,-0.00032373614,-0.020985419
T659,0.011733794,0.056947183,0.0067145796,0.011022256,0.027585482,0.008205735
T237,0.060247414,0.037411638,0.046970047,0.020029897,0.014490599,0.037998144
T450,0.024432203,0.03414267,0.039192453,0.0138788475,0.03576862,0.019894639
T395,0.04234364,0.024303393,0.034351826,0.032444756,0.010783408,0.04532176
T520,0.014531715,0.048635494,0.04551631,-0.00014948894,0.010526595,0.017092068
T172,0.02104337,0.062515184,0.0006271656,0.0004868737,0.03540916,0.035452936
T141,0.011129069,0.062329523,0.028914953,0.035370193,0.014900007,0.026004279
T601,0.057970602,0.01705061,0.03097231,0.03243281,0.015483979,0.00862899
T83,0.03728721,0.024759825,0.043113735,0.010447067,0.009965797,0.008205385
T552,0.03212689,0.053048313,0.00016706328,-0.00021952575,0.033897996,0.014319225
T697,0.037189472,0.0034238189,0.025967905,0.024846721,0.0021958363,0.0012699688
T118,0.029933903,0.04428586,0.0018684547,0.016513437,0.007860975,0.03588526
T204,0.00022507526,0.047038592,0.02032692,0.049708284,0.03179555,0.045513213
T393,0.01915065,0.038060416,0.017669054,0.038576867,0.041819807,0.014643539
T59,0.003779115,0.05336308,0.016035965,0.035733987,-0.00011986067,0.047892656
T297,0.01543114,0.021237226,3.0071442e-05,0.024297798,0.0038643442,0.01397162
T513,0.038140077,0.0044285576,0.007508804,0.020372774,0.011727489,0.01522584
T398,0.011074926,0.0460983,0.032270446,0.034310903,0.032815885,0.033513036
T696,0.02793768,0.0276827,0.008420443,0.037456665,0.001065689,0.0067768455
T566,0.022273308,0.047903724,0.012317266,0.026372625,0.020293463,0.021408977
T529,0.040353607,0.06577197,0.045153182,0.008956634,0.004135737,0.0055626608
T535,0.0007554877,0.047118958,0.044872742,0.02014499,0.0426986,0.019614007
T285,0.011012804,0.0173346,0.00578931,0.004344584,0.0027262105,0.0048778253
T39,0.0020857202,0.054013077,0.03361909,0.035077777,0.011133256,0.039285835
T382,0.007407683,0.00848087,0.0065144007,0.0049081175,0.007725011,0.0001631999
T563,0.04044628,0.035364702,0.027397456,0.0074410727,0.02395177,0.0060175764
T42,0.013104479,0.043215573,0.012588226,0.03901462,0.034466363,0.026154876
T234,0.033278394,0.036628205,0.002327808,0.04690516,0.04625517,0.007991569
T593,0.030093648,0.009424444,0.0041880934,0.024125863,0.013013237,0.012818645
T388,0.003711123,0.006542385,0.0004080723,0.0040871506,0.001063725,0.0008296709
T369,0.027437706,0.028918017,0.033138104,0.021383148,0.01859996,0.031205434
T577,0.034232415,0.031773616,0.029858021,0.033811603,0.039229926,0.022995364
T264,0.021925878,0.055721473,0.033776946,0.03269018,0.0025295939,0.028934035
T277,0.043316506,0.010972675,0.041814845,0.0050920686,0.021842204,0.017748468
T106,0.046524588,0.0026593942,0.03270608,0.032113332,0.03881612,0.023842776
T524,0.010634375,0.056165967,0.019394767,0.0431074,0.025636083,0.054819763
T455,0.010971408,0.0390495,0.02142399,0.034270596,0.0039333752,0.03977112
T458,0.027698478,0.027155256,0.00060200575,0.036901247,0.02018819,0.025355292
T364,0.032972336,0.02428956,0.025413424,0.024914362,0.01895348,0.00091137
T225,0.07392986,0.006002859,0.02537389,0.0020285083,0.015198158,0.034068823
T229,0.061381955,0.022417022,0.0411599,0.024196355,0.00067698356,0.006857371
T197,0.0067725247,0.045959875,0.052548904,0.005776698,0.021834906,0.03847574
T405,0.004465936,0.063777015,0.03677017,0.006540873,0.015096701,0.0072714374
T95,0.043428846,0.008026758,0.0016039631,0.0016802662,0.0002799742,-0.000108121334
T679,0.043766353,0.034497906,0.027203603,0.024323864,0.0018161127,0.0009273645
T574,0.049763653,0.01681261,0.014032887,0.018898536,0.027575701,0.018409904
T661,0.025966875,0.016336262,0.0042290376,0.019996157,0.010585545,0.0055252686
T471,0.0056779375,0.0153213125,0.007904744,0.0023611425,0.0033823377,0.0050055888
T396,0.0011562823,0.04764781,0.046023306,0.010241157,0.0076538306,0.046027042
T669,0.051896792,0.018385602,0.0015923965,0.038314335,0.021413516,0.006315929
T344,0.077412955,0.012545926,-0.0011789355,-0.0015538237,0.02097237,0.0096606165
T169,0.043465134,0.015116963,0.03650646,0.016697187,0.0328372,0.016272482
T687,0.023945607,0.020898517,0.016582629,0.009237792,0.0028065708,0.0008982715
T446,0.014855015,0.007148658,0.008619031,0.014009879,0.0014625022,0.000110023844
T54,0.019171301,0.019608857,0.015385699,0.021047436,0.010504196,0.021762015
T72,0.048814904,0.019161977,0.014071709,0.039120093,0.0070113814,0.005244558
T26,0.016574057,0.041781988,0.032314353,0.0072794487,0.024458017,0.026640534
T410,0.044122647,0.020130856,0.005014671,0.0320591,0.015250396,0.020689594
T481,0.023114715,0.014433931,-0.0007764551,0.0066154134,0.013921616,0.001750058
T167,0.010486445,0.057178237,-0.00036726843,-0.0010610453,0.018602494,0.017627236
T415,0.011803719,0.04507395,0.0020106041,0.045343835,0.044268202,0.008466895
T295,0.015528976,0.03283566,0.027301932,0.023133874,4.405516e-05,0.002702894
T38,0.004664335,0.046929274,0.017404862,0.04296336,0.010122922,0.058311153
T336,0.028069425,0.013204976,0.011544135,0.024538742,0.026165705,-0.00053863955
T411,0.029686887,0.026116183,0.022331886,0.024028927,0.024075637,-0.0022509533
T488,0.049522586,0.022863923,0.00065430836,0.0011282578,0.021425385,0.01257234
T281,0.002796356,0.04657576,0.00045250423,0.004607379,0.0035905463,7.046134e-06
T89,0.030365985,0.039175425,0.024990378,0.022746844,0.026973976,0.024234116
T35,0.052196603,0.007227448,0.00030852403,0.0002784298,0.014999672,0.013282307
T575,0.017145034,0.042640034,0.025092714,0.037594892,0.04764572,0.002300367
T20,0.041073386,0.03364053,0.0077710403,0.008950454,-0.0026108758,0.035721894
T414,0.03464322,0.031305276,0.040300332,0.020965632,0.00037298264,0.045003183
T168,0.006632139,0.03898563,0.027702613,0.012611368,0.0029980508,0.02882271
T648,0.019256644,0.02608153,0.027739448,0.023952525,0.01905736,-0.001286988
T150,0.04709604,0.034621213,0.03917598,0.026138308,0.029141286,0.013145374
T525,0.04911862,0.017272854,0.03132169,0.040418312,0.0027211166,0.05804864
T452,0.024541521,0.03860002,0.0314364,0.03312311,0.020891424,0.039897557
T101,0.036971886,0.060818374,0.015179767,0.025609944,0.017494198,0.03662461
T49,0.016295448,0.040104143,0.035528053,0.019166024,0.015406732,0.05179545
T104,0.069579005,0.022341477,0.0037709465,0.043038078,0.004308786,0.026242191
T472,0.01763108,-0.0008700885,0.0038088665,0.008234271,0.0007918429,0.0007726097
T45,0.008787888,0.037564833,0.02978905,0.025962953,0.03688634,0.011741051
T102,0.014880908,0.07645647,0.030192107,0.03280585,0.02209466,0.0056830724
T210,0.02657381,0.041879475,0.009762828,0.0030729459,0.0010773627,0.00072033633
T412,0.025407221,0.027348319,0.025058985,0.026981406,0.0062158266,0.0027788628
T331,0.021799887,0.038741704,0.015902719,0.041111864,0.04297696,0.005919583
T425,0.04368084,-0.00054943206,0.0007316862,0.0358486,0.028610528,0.021019768
T338,0.01905227,0.03154183,0.00834837,0.031582493,0.023433268,0.024454625
T221,0.0037659332,0.01470736,0.0002537775,0.006347993,8.671203e-05,-0.0013623167
T422,0.0101160025,0.048182346,0.041176192,0.018968869,0.0029051027,0.042524297
T330,0.0010494058,0.044484533,0.0070699644,0.043571856,0.009689799,0.042400617
T559,0.041791752,0.067727484,0.0074684364,0.008495457,0.007524115,0.028123386
T585,0.046811905,0.03715327,0.05701882,0.005865583,0.033103637,0.0018647445
T658,0.05114703,0.021538,0.01338594,0.027264614,0.016576903,0.03402887
T137,0.026130188,0.014387716,0.025606375,0.00021076787,0.004182792,0.017199507
T477,0.018554527,0.0042826007,0.011603509,0.002952374,0.0029045222,0.009857473
T440,0.032799836,0.021674385,0.011562902,0.035057332,0.038291637,0.0018329006
T628,0.01990452,0.07705263,0.03530834,0.008667054,0.0033150173,0.015626922
T154,0.04236638,0.023166485,0.009536521,0.046540685,0.044376053,0.00861486
T347,0.058206163,0.051590763,-8.586165e-05,-0.00084846833,0.0004015048,0.024529478
T509,0.045713786,0.020516185,0.019583937,0.03102831,0.024359353,0.0219568
T339,0.038075607,0.01362349,0.018211633,0.018171044,0.005496971,0.037251357
T241,0.030182736,0.029443394,0.011025783,0.025052877,0.027500497,0.013486589
T272,0.0472701,0.004647641,0.010112552,0.02508298,0.028545935,0.019465443
T86,0.03825567,0.022253659,0.0047545433,0.0013809719,0.002870131,0.018989243
T352,0.010740093,0.034925498,0.012550661,0.01354407,0.0008643266,0.019467788
T340,0.07642886,0.016628377,-0.0011538737,-0.0017882013,0.01127058,0.01512743
T407,0.046963,0.018299898,0.01921957,0.004416538,0.012831764,0.020818247
T589,0.0061727487,0.017038578,0.01223876,0.005005256,0.007806262,0.0021604532
T223,0.06523179,0.001252512,0.018513095,0.041235033,0.045788083,0.0022859587
T426,0.006784716,0.03403644,0.014744032,0.014630058,0.011644421,0.017307278
T394,0.033928495,0.034772657,0.04691284,0.002086814,0.039059322,0.026612869
T604,0.04965381,0.02307254,0.006735565,0.046465162,0.007881886,0.04672771
T187,0.066646874,0.008128234,0.04109706,0.022260197,0.00458702,0.018646922
T7,0.049228158,0.009295764,0.0007380062,2.636191e-06,0.014094817,0.01724225
T51,0.020992553,0.019641316,0.02689873,0.00654991,0.022763161,0.0065651187
T212,-5.1206513e-05,0.04499657,0.032404996,0.05009682,0.014080035,0.012568543
T8,0.029687755,0.023843102,0.002957581,0.0010908472,0.0025710429,0.0022889252
T376,0.044462427,0.015325159,0.0119363535,0.045510817,0.0119467,0.04495941
T354,0.004521051,0.04921185,0.00017604385,0.0011058646,0.0022755873,0.02947855
T568,0.04522454,0.003214167,0.043651085,0.0033462597,0.025793886,0.025276031
T428,0.017655589,0.045325864,0.014830833,0.013730036,0.02947398,1.4757477e-05
T220,0.0153714,0.012920012,0.0016473052,0.006116969,0.00445927,0.0008399367
T138,0.016422369,0.052821927,0.029806323,0.024486594,-0.0063199326,0.0014461466
T248,0.013343495,0.042617332,0.03284968,0.013225772,0.0367323,0.0018065242
T100,0.01766218,0.067022204,0.015441964,0.023676869,0.038125563,0.014033232
T645,0.019779058,0.0146472985,0.008710366,0.013362703,0.0012753295,0.0005315066
T19,0.032562606,0.01608457,0.03848718,0.027052764,0.019672254,0.007217272
T682,0.01675889,0.04411181,0.041568436,0.022095006,0.002636644,0.047215696
T109,0.047896486,0.009796172,0.016568827,0.044980388,0.00082134455,0.048040286
T361,0.004786353,0.038739298,0.03732871,0.0016150187,0.009051684,0.010436242
T34,0.05405556,0.0043747784,0.00029116575,0.00033385717,0.011428832,0.017447624
T16,0.007658759,0.048829805,-0.0026392648,0.012200524,0.0054233656,0.0030647712
T693,0.044447016,0.016188607,0.02288221,0.039209258,0.016044864,0.041296702
T389,0.006932265,0.00061050314,0.00053516874,0.003759636,0.0005602084,0.0011509204
T350,0.010498723,0.05308456,0.02704903,0.018541824,0.010248374,0.0042954367
T548,0.08052338,0.008578858,0.01907252,0.001291447,0.00047726432,0.0005942726
T496,0.004371303,0.01130465,0.0091540245,0.0015918561,0.0057222703,0.001666416
T491,0.047113888,0.025393128,-0.0005518101,0.001002597,0.027561028,0.0068472507
T516,0.02293496,0.031810544,0.0030977523,0.013170087,0.024490682,0.0026271227
T533,0.045093127,0.01204555,0.03597291,0.003051002,0.0054440564,0.00059901725
T671,0.057582453,0.013441148,0.024173649,0.011375406,0.022133006,0.013181869
T47,0.020757705,0.028467573,0.032668557,0.009590785,0.03352197,0.0064643268
T600,0.004148384,0.05990956,0.030278461,0.032774214,0.00062514184,0.017547619
T573,0.012759655,0.063744515,0.0032756277,0.045239158,0.00049710035,-0.0014947462
T380,0.008842083,0.004312729,0.007959533,0.004811482,0.0052001798,0.005624508
T184,0.014070511,0.021932244,0.010600486,0.024955584,0.0103329485,0.005618571
T620,0.0319658,0.07088988,6.7860725e-05,-0.0006873299,0.0263272,0.027608782
T120,0.040606234,0.021883478,0.0148183,0.03194181,0.0009686409,0.019409413
T81,0.028423825,0.03896134,0.05410427,0.026118366,0.0015479047,0.004821389
T268,0.07062297,0.010339607,0.049194504,0.026900288,-0.0015007908,-0.0002626911
T61,0.052358516,0.037911538,0.01562287,0.042273495,0.011486915,0.051632956
T162,0.049925253,0.0082338555,0.03156408,0.014576762,0.0021506906,-0.0003397977
T512,0.030745877,0.034810774,0.010577948,0.031961784,0.023327636,0.017175436
T139,0.0374382,0.047733292,0.038634796,0.020138545,0.0124824485,0.0048659826
T522,0.020532727,0.051021874,0.012485664,0.04223578,0.015200208,0.038184416
T514,0.012006688,0.029538514,0.02456674,0.011337019,0.022861522,0.008559739
T511,0.03843395,0.028543442,0.002149035,0.034845304,0.008424578,0.028729413
T690,0.05970843,0.027264412,0.045558676,0.007784568,0.0023261276,0.0032297138
T467,0.0033338782,0.033691883,0.01154716,0.023948202,0.0027257844,0.005370327
T359,0.011740874,0.040814053,0.010068132,0.037273362,0.014140176,0.03094998
T60,0.053092197,0.00039307185,0.056631166,0.0062111714,0.028475096,0.033672962
T88,0.011500956,0.04704488,-0.0024034204,0.029615505,0.027609535,-0.0060595823
T688,0.022686152,0.023248859,0.017289007,0.0058409097,0.0026365758,0.0004696777
T436,0.028139217,0.022110749,0.00022569767,-0.0012135527,0.011368335,0.00045994006
T142,0.06260158,0.02184437,0.01809451,0.042104386,0.025971157,0.019304568
T193,0.004486626,0.042373326,0.009251686,0.057466015,0.010930527,0.008584163
T321,0.032303028,0.046390284,0.0027546866,0.010544863,0.009069001,0.03233292
T313,0.004990909,0.04404476,0.0225075,0.04236491,0.03623869,0.012044468
T372,0.035147406,0.027856624,0.002833863,0.04350563,0.0014446152,0.04266739
T517,0.016007217,0.043230284,0.0050632562,0.04292841,0.00705039,0.011538408
T639,0.03934944,0.028427942,0.02547466,0.0198402,0.004633797,0.0040041
T112,0.045887567,0.03419632,0.0058760964,0.021108925,0.026087256,0.029353142
T375,0.046799015,0.0013153168,0.019258372,0.04212671,0.020130767,0.0400237
T638,0.041709058,0.02783247,-0.0034477802,-0.0014708127,0.009779359,0.015502651
T3,0.016022678,0.017088564,0.01602372,0.017077666,8.345867e-06,3.7837577e-05
T181,0.013059831,0.023066401,0.01655612,0.0092110345,0.009379555,0.005579628
T643,0.01487589,0.045111213,0.0332501,0.004706478,0.00039996832,0.006872537
T314,0.04325862,0.03422533,0.036163576,0.0017146592,0.0014484016,0.0010446672
T71,0.015170439,0.05702382,0.0019698455,0.006332257,0.041991785,0.004761922
T58,0.0024526943,0.053540953,0.019977767,0.03331794,0.03973905,0.026182912
T678,0.018951098,0.016624369,0.0021749276,0.011867453,0.0011586227,0.008615936
T40,0.03697001,0.04988636,0.006846006,0.0144998785,0.0005153654,0.04073239
T362,0.03882915,0.0043971133,0.037049152,0.0035197814,0.010273316,0.00915161
T675,0.059633195,0.028682936,0.006427561,0.004089241,0.031357836,0.004920496
T649,0.027643485,0.005227871,0.024527734,0.016267534,0.017892715,-0.0016563806
T111,0.008163897,0.048567392,0.03260373,0.03499383,0.045637038,0.0036673099
T434,0.024856102,0.009945222,0.0010575269,0.02304749,0.004222329,0.014062599
T476,0.0046374197,0.017402953,0.0070907045,0.011049251,0.004793179,0.0030514265
T149,0.053222854,0.03813886,0.006259333,0.046357278,0.009226131,0.0063166157
T23,0.046416767,0.014428394,0.02711625,0.038575944,0.007269702,0.053878747
T576,0.033104166,0.032390125,0.030762555,0.0331872,0.045170706,0.013919203
T441,0.027406456,0.002394552,0.003199678,0.0077186627,0.0023019086,0.017357694
T152,0.0134434225,0.063728765,0.0069082724,0.04257333,0.014626355,0.018292496
T195,0.024461059,0.040565692,0.04586302,0.01986522,0.039350223,0.028098365
T448,0.011926506,0.0031879435,-0.00031667962,0.0035929133,0.002505701,0.00026935182
T553,0.005423006,0.070049375,0.019075055,0.013079558,0.0321503,0.03049738
T419,0.048225865,0.011749548,0.046701606,0.0071160705,0.03970078,0.021751544
T621,0.07794023,-0.0009908923,-0.0006066438,-0.0005314536,0.03666861,0.010461004
T468,0.02831829,0.012189652,0.018953195,0.014301867,0.0029754569,0.007134361
T164,0.055247724,0.008216027,0.03396804,0.017483216,0.0012789633,0.0011854799
T598,0.03214678,0.045419034,0.020400077,0.036514048,0.008756651,0.016967421
T484,0.015048972,0.024821956,0.0044729733,0.0014145791,0.0032217966,0.003158365
T420,0.044797257,0.019552566,0.035975583,0.029411474,0.022209538,0.038389143
T50,0.006106263,0.038211875,0.01113854,0.029891402,0.016630692,0.025929073
T636,0.0516987,0.014140252,0.0030617178,0.0061298264,0.0012052164,-0.0020000995
T293,0.046741836,0.0028597831,0.03943693,0.01797974,0.005946025,0.044673227
T80,0.020229401,0.04395136,0.05843905,0.006225276,0.0018728827,0.0017423813
T554,0.073047385,0.00414475,0.018924657,0.0044015865,0.039018225,0.020327557
T387,0.024863763,0.0031550797,-0.0012972055,-0.0064901346,-0.0012969848,0.0008137489
T383,0.009224828,0.01163047,0.0021913631,0.0009940449,0.008319718,0.0029205
T626,0.0125321,0.0663249,-0.0010468976,0.003164288,-0.007861379,0.00048306034
T368,0.027795326,0.02596367,0.0036170848,0.0032231063,0.0007275919,0.003836691
T334,7.634262e-05,0.0059789447,0.0024981813,0.0020245083,0.0021318926,0.0005097929
T654,0.029711664,0.046604693,0.011997581,0.02910388,0.03742717,0.008525091
T227,0.065682665,0.0038619787,0.020672819,0.042714022,0.02182066,0.040181063
T608,0.022387765,0.04193946,0.033880904,0.041540086,0.037656717,0.011648817
T66,0.03318348,0.008285956,0.023920089,0.0013565362,0.007823347,0.013626774
T96,0.063966766,0.022689918,-0.0045066555,0.0070893336,0.010914971,0.014184939
T158,0.04352778,0.04800891,0.045002263,-0.00027891516,0.0014662424,-0.001264515
T117,0.013335904,0.053891778,0.012748253,0.0034045365,0.028682835,0.023364423
T581,0.053365868,0.0343312,0.025522292,0.051808648,0.019686185,0.03717381
T461,0.03773473,-0.0005634108,0.0032640386,0.03659135,0.0054422216,0.030739669
T424,0.030386066,0.04304231,0.023192627,0.03090756,0.02202459,0.030448297
T266,0.022874871,0.04756434,0.039543983,0.008184223,0.031001586,0.03470921
T595,0.041634202,0.0058037755,0.03396585,0.008388209,0.023744345,0.020393524
T505,0.04506471,0.0068543577,0.023292491,0.06824019,0.035664227,0.008542529
T249,0.0010920715,0.019886851,0.010141947,0.009613235,0.0069627864,0.0039486797
T337,0.02717497,0.015075147,0.02129261,0.017134314,0.0068898047,0.025269825
T9,0.018797476,0.016196381,0.011212455,0.022043727,0.0023693978,0.0075328806
T681,0.044640753,0.015217872,0.046424136,0.008004104,0.0028890013,0.046982743
T449,-0.000412302,0.019092709,0.0119012715,0.0024993361,0.0010255681,0.011180316
T432,0.038461544,0.0040936344,0.01214535,0.03955044,0.032888167,0.012856802
T175,0.04665385,0.001245686,0.04996603,0.010491491,0.013406385,0.039449498
T153,0.01753987,0.042287793,0.011087596,0.06514909,0.0017711887,0.014466157
T625,0.02945376,0.057504125,0.0035281149,-0.0017419753,-0.008406024,-0.002982772
T667,0.03650783,0.015222305,0.024626942,0.040058836,0.0072955606,0.027299965
T124,0.0259637,0.018121745,0.028251525,0.03159057,0.02190927,0.0077937427
T307,0.004067123,0.0009858316,0.0029966878,-0.00021044492,-2.3969122e-05,0.0006466006
T67,0.012356506,0.041709904,0.042611755,0.0018712431,0.03475685,0.020651508
T463,0.025152218,0.018577708,0.013439049,0.0029019904,0.004620858,0.018326646
T580,0.05346278,0.034497667,0.04973727,0.028944412,0.04191825,0.0052805915
T316,0.04033955,0.018097598,0.043995544,0.023559393,0.034466036,0.011014758
T311,0.023070967,0.056631394,0.028028715,0.005090797,0.0003938893,-9.079407e-06
T113,0.06112442,0.0058736117,0.018583046,0.036955275,0.009205997,0.042912446
T294,0.05373553,0.010423734,0.02782306,0.027743708,0.014632211,0.022855816
T355,0.038039006,0.01537299,0.0011900367,0.00048955914,0.013497114,0.01387331
T213,0.045905754,0.0023523658,0.030372377,0.031335596,0.0011652427,0.048383936
T233,0.023982886,0.016268251,0.03252477,0.0009277596,0.008515201,0.011578562
T14,0.022661889,0.05818067,0.0021103695,0.0006619694,0.027574427,0.007269451
T474,0.012774991,0.009967472,0.0016506929,0.008134395,0.0014781307,0.00079780014
T79,0.025095506,0.03335456,0.021514881,0.029911142,0.020831669,0.004515314
T489,0.004354267,0.061504167,2.0795782e-05,-0.0017342605,0.023413122,0.020111715
T465,0.029840548,0.013784339,0.025197685,0.0037103083,0.0049701524,0.002783753
T291,0.048880335,0.014436657,0.0010970108,0.00065231085,-0.0028958535,-0.0047125593
T617,0.012276242,0.06064314,0.029612374,0.0029844726,-0.015466746,-0.008937001
T606,0.030874696,0.056137476,0.034876447,0.018686201,0.003733687,0.038257647
T371,0.04684374,0.004642694,0.009874645,0.04567682,0.0018082906,0.046769403
T259,0.052160043,0.007856561,0.022273418,0.035770047,0.026000457,0.004659595
T33,0.05792631,0.0042144307,0.0045324215,0.0027118197,0.012285801,0.026634257
T451,0.018726744,0.04011122,0.004261414,0.043939237,0.029888619,0.031502113
T93,0.008172509,0.037448447,0.0022241233,0.0037163955,5.660642e-05,-0.000102555365
T560,0.020242758,0.055159193,0.02571832,0.033815086,0.023569863,0.014399118
T76,0.03094407,0.027380396,0.03212493,0.006319133,0.0021516655,0.00020779656
T298,0.02315121,0.016555889,0.002103726,0.02293276,0.01183844,0.013382318
T180,0.02971928,-0.00062843447,0.016046634,0.014035517,0.006921529,0.009169224
T565,0.002422279,0.05381023,0.023010844,0.017653769,0.028572557,0.007631667
T41,0.020633485,0.05244863,0.017968237,0.030283209,0.020291902,0.024992866
T401,0.020104388,0.035106737,0.011110311,0.00556282,0.003328798,0.009554491
T320,0.046411105,0.016907007,0.02193422,0.020111557,0.004229727,0.020946959
T570,0.041772358,0.01439841,0.03431682,0.02276472,-0.0010785053,0.0020060877
T390,0.005481849,0.00050297537,0.0011582085,0.0024937973,0.0012377478,0.0009885656
T677,0.034131348,0.039198276,0.04494288,0.002417701,0.030331623,0.021767361
T279,0.029856432,0.027591312,0.0012788951,0.03562479,0.006572321,0.035066802
T348,0.012886841,0.07327872,-0.00019836525,-0.0069663813,0.0034335493,0.025358625
T191,0.006318236,0.051266525,0.0009162566,0.0012503419,0.008827353,0.0063037467
T515,0.03186537,0.008469718,0.0092203375,0.024713198,0.024095409,0.0034402823
T615,0.053165134,0.010574157,0.04195733,0.019119335,0.013441963,0.045346677
T442,0.0128876455,0.012105531,0.009572878,0.00926833,0.00039396068,0.00059331243
T327,0.015063552,0.017265063,-0.00023424502,0.016018739,0.0017442324,0.0030651302
T540,0.058265857,0.01404917,0.022850344,0.03524456,0.03363478,0.030052938
T599,0.04193751,0.040136237,0.035781004,0.024343153,0.01257341,0.011368632
T177,0.04110892,0.00436565,0.030741682,0.019229164,0.029143743,0.020425769
T219,0.035130624,0.017256329,0.031096986,0.0139653925,0.013691304,0.0027422954
T666,-0.0030891865,0.04696698,0.008748716,0.024198778,0.00077951205,0.032327756
T263,0.06114521,0.009896687,0.006468679,0.046578567,0.013770974,0.020149706
T185,0.049350664,0.022138514,0.00029058,-0.00088228344,0.005005175,0.0023129892
T447,0.0080130035,0.0002262087,0.0014934398,0.0031135217,0.0013958432,0.00040243194
T624,0.054165766,0.022538913,0.0006284371,0.00065500685,-0.0026867187,-0.007293727
T618,0.0485103,0.04995099,0.005255209,0.0030101573,-0.017028423,-0.0088329995
T670,0.041415043,0.043957822,0.0131220305,0.011066014,0.022861715,0.01764694
T578,0.048278116,0.008873451,0.04665195,-0.00030882482,0.03649528,0.009753998
T572,0.017806234,0.046400055,0.04873247,0.013116805,0.036231115,0.015194488
T151,0.06107896,0.02322479,0.035074238,0.029721035,0.008814534,0.00033119397
T541,0.02518714,0.051406782,0.03877208,0.012977363,0.04406127,0.009244553
T276,0.028832128,0.036223974,0.044347942,0.009714565,0.030185007,0.013170695
T315,0.0018778425,0.043158405,0.013065823,0.04385519,0.016144516,0.03495159
T62,0.04052557,0.036602974,0.016117653,0.033941522,0.0149545465,0.043407608
T527,0.045107026,0.017036088,0.027010735,0.03890614,0.029585235,0.0152257215
T25,0.038867474,0.014219425,0.024320167,0.0250053,0.005093528,0.034626033
T178,0.001733459,0.023001146,0.0056752088,0.008920328,0.00108145,0.003236027
T183,0.041951913,0.0017921571,0.008397354,0.035633508,0.012715215,0.013079186
T651,0.007058149,0.05418324,0.0015928202,0.003509875,0.028619882,0.014772642
T157,0.03312801,0.040193792,0.037718616,0.027489724,0.04020028,0.0057237684
T73,0.048981264,0.019842472,0.00859806,0.041631903,0.007568291,0.00025443884
T588,0.013691229,0.010308724,0.0005128488,-0.00094218744,0.0052598068,0.00076163316
T579,0.007055266,0.063661344,0.056346223,0.0041666203,0.033274464,0.025615746
T5,0.047705453,0.0056327702,0.00046955023,0.00042771522,0.018337784,0.0027094297
T236,0.05678217,0.028469412,0.061933223,0.00485563,0.019779725,0.011573975
T672,0.017999476,0.037925795,0.0014470313,0.040583953,0.030678669,0.0711017
T356,0.011228399,0.03309827,0.00087804266,0.00047656207,0.010255597,0.0020647296
T29,0.066887334,0.029908027,0.0048995526,-0.0024327575,0.0074299145,0.004267847
T128,0.003000791,0.028360378,0.03258465,0.0067797364,0.02339112,0.008838699
T87,0.042029418,0.019863473,-0.003292388,0.015268618,0.0061249463,0.017570956
T469,0.008572403,0.02820302,0.0067401673,0.021479767,0.00058366277,0.006740739
T91,0.03835283,0.038996693,0.024632405,0.016398165,0.029096745,0.0144928945
T44,0.0070937243,0.047172025,0.02800528,0.029612685,0.033436634,0.019490462
T207,0.052387707,0.04931501,0.044596363,0.0024644495,0.031169431,0.01369084
T483,0.0040718075,0.026276255,0.013121688,0.0033558146,0.0028183737,0.00040054522
T288,0.004350926,0.03538465,0.011855236,0.004561958,1.9184105e-05,0.014007774
T17,0.024050603,0.042277765,0.003202977,0.013308675,0.006153427,0.002658402
T211,0.040928423,0.0044798786,0.020005293,0.001104758,-0.0021022495,0.0045417543
T433,0.03246111,0.0053731943,0.019630602,0.030854497,0.025862593,0.010003954
T57,0.006770543,0.036057092,0.004237639,0.0073536173,0.0028388023,0.012897947
T377,0.019639557,0.044986997,0.023067053,0.038430646,0.035756517,0.028785953
T299,0.026905434,0.0049046096,0.01992688,0.010279856,0.009193015,0.016601646
T534,0.0014518537,0.057925962,-0.00023172083,0.041461945,0.011988878,0.035244238
T130,0.019291766,0.017612366,0.01902258,0.0060117487,0.007956064,0.010856209
T132,0.012607598,0.018645156,0.017472157,0.0010659418,0.011040532,0.011450699
T192,0.0017435341,0.05271758,0.010374425,0.033167485,0.01554231,0.03775878
T256,0.008383542,0.060147665,0.029743653,0.025486235,-0.011180339,-0.005729845
T418,0.030507343,0.040659416,0.02568508,0.03865928,0.0053245225,0.04359222
T632,0.029633306,0.07740768,0.00014830916,-0.00060617627,0.005046156,0.00824761
T69,0.02687475,0.028402489,0.037432496,0.0047329203,0.023320092,0.025630929
T156,0.030572651,0.054800197,0.004542112,0.0328461,-0.0063763265,0.0074874326
T146,0.060237166,0.0008641973,0.015624795,0.010541274,0.036369346,0.020090336
T668,0.008194508,0.041354932,0.038276203,0.0011784894,0.012409105,0.029852986
T583,0.026890112,0.05806033,0.05951415,0.007988218,0.03247803,0.01774759
T537,0.01674304,0.044018626,0.0009823232,0.06448104,0.038123824,0.027458547
T466,0.025217468,0.021930303,0.019510422,0.01758706,0.005014331,-0.0012613082
T135,0.009626261,0.033848125,0.031764265,0.0039641527,0.009544846,0.02458995
T4,0.03777419,0.015266379,0.0006288145,0.00035840677,-0.00042430908,-0.00041908122
T312,0.05432775,0.018366942,0.02575759,0.02198927,0.005851448,0.0027780014
T325,0.059661772,0.03260391,-0.008201453,-0.0078006485,0.028376726,0.004866004
T114,0.04255098,0.016344205,0.020476649,0.0053797294,0.017241662,0.028292848
T32,0.04415806,0.06112658,-0.0023139282,-0.004461478,0.0012779857,0.034515116
T116,0.049831923,0.040261127,0.0014613369,6.654325e-05,0.022779947,0.030709289
T92,0.045399677,0.0041989465,0.020091422,-0.00083276967,0.019610876,0.017763965
T12,0.048207775,0.00048923993,0.019737681,0.044040326,0.007595371,0.046420168
T456,0.0009979483,0.03510152,0.034330223,0.0029693835,0.023952933,0.023713343
T657,0.006063416,0.05519927,0.006783506,0.029744705,0.037032835,0.008395467
T309,0.032027554,0.05034101,0.017289605,0.004687661,0.018609831,0.03433023
T367,0.017471889,0.048737384,0.0017305918,0.00010946552,0.0041710758,0.00925338
T37,0.017045982,0.0439891,0.00082503946,0.04655138,0.05936779,0.0024142228
T6,0.024884315,0.047314577,0.00012997049,0.00051576877,0.0037626226,0.027680745
T374,0.03971362,0.004257933,0.020101314,0.030764783,0.019219607,0.03344979
T10,0.022824522,0.007468774,0.016122242,0.0156052755,0.006497548,0.0047196033
T196,0.032776617,0.03361641,0.028096627,0.043770056,0.046308134,0.0025473272
T439,0.015110481,0.040917184,0.03042353,0.018574988,0.0047258004,0.044942938
T43,0.0087503,0.040928613,0.0033340934,0.040106434,0.030390706,0.017576257
T519,0.02208085,0.040113047,0.037327908,0.027254349,-0.005198159,-0.0007813044
T630,0.087365404,0.014398989,-0.0005106154,0.00055936095,0.0027059116,0.011620966
T144,0.054686353,0.030455185,0.035030853,0.02710652,0.024068918,0.0017212217
T594,0.036108766,0.013117536,0.0220098,0.024756514,0.0014657658,0.029110868
T251,0.02117079,0.0004840692,0.011035447,0.0038600941,0.007859459,0.005998498
T556,0.07549457,0.0028239477,0.005118727,0.018134447,0.013050364,0.040705316
T397,0.02448084,0.040821485,0.046573844,0.0064989566,0.043686006,0.016744938
T351,0.0021259598,0.052703984,0.012794237,0.022265533,0.010284011,0.016402751
T642,0.047986437,0.0012596505,0.008752127,0.033402998,-0.00011091933,0.0069524418
T99,0.03273707,0.06574466,0.019661115,0.000981576,0.042894173,0.00044684482
T603,0.0040197843,0.035366043,0.032434538,0.006005253,0.020863017,0.020189883
T365,0.033737753,0.029286718,0.025237389,0.011732789,0.027663678,0.0038323149
T302,0.0059353025,0.009515063,0.0042307167,0.008578628,0.007197475,0.0009212926
T36,0.03344705,0.043338545,0.00045461164,-8.324363e-05,0.021085627,0.00096453447
T487,0.032498654,0.04848138,0.0008376141,-0.0006590016,-0.008938026,-0.0035312835
T373,0.037751038,0.008492687,0.013692227,0.03577561,0.03655628,-0.0024955606
T2,0.017203989,0.015785137,0.016614124,0.016511612,0.00013618772,2.8100238e-05
T462,0.023097662,0.03462697,0.028300028,0.011378323,-0.00021960809,0.02953195
T140,0.029779535,0.034981806,0.016155487,0.05667172,0.03095862,0.017940827
T437,0.009702709,0.034845494,0.0023533714,0.02647559,0.011170269,0.005100334
T52,0.0037780139,0.023224184,0.021556076,0.0006580309,0.009173119,0.008888486
T413,0.018989353,0.029414704,0.030391209,0.008679225,0.0005169806,0.0072966972
T443,0.020175632,0.015384302,0.008713552,0.0016858468,9.5625495e-05,0.0006187419
T198,0.039302353,0.037682235,0.02816414,0.01555175,0.04051978,0.005933302
T280,0.02207377,0.027172871,0.022188116,0.00641361,0.010740041,8.5162836e-05
T110,0.03747741,0.030736035,0.009815515,0.046689082,0.014772124,0.04541053
T165,0.04501723,0.033493306,0.03761499,0.007916044,0.0025086636,0.0014232375
T222,0.061744455,0.023372233,-0.006201764,-0.0067305737,-0.0002680275,-0.008219292
T698,0.010619706,0.021519892,0.004434088,0.02172283,0.0065269037,0.0009908228
T438,0.040503915,0.02941791,0.007960146,0.009773393,0.0045453534,0.045456335
T173,0.02722646,0.04234131,0.031825878,0.032114152,0.053422436,0.017480552
T381,0.00683575,0.008066713,0.005819569,0.0065591643,0.002526964,0.00733546
T557,0.051282063,0.03642325,0.008829871,0.030665943,0.003256594,0.009890366
T569,0.04861966,0.0058087287,0.013987969,0.045854438,0.03363533,0.011627334
T176,0.021867884,0.041207954,0.01448236,0.048671234,0.036676075,0.01867898
T417,0.0063108397,0.04027171,0.024474759,0.023444755,0.029412825,0.015183684
T231,0.012559476,0.037055966,0.008918261,0.02737359,0.0109101655,0.02056954
T170,0.035113685,0.03242497,0.020625254,0.038555548,0.043082055,0.009443134
T631,0.08517521,0.014499677,0.0019940403,0.001651529,0.0047061634,0.005062089
T115,0.058189075,0.0009612977,-3.0992593e-05,0.0009142316,0.019804807,0.027264941
T686,0.014922336,0.024374912,0.005207426,0.000647236,0.008588251,0.0005262768
T399,0.03334035,0.03315783,0.0040068044,0.046712928,0.004385633,0.046484537
T402,0.029954055,0.027216129,0.010503029,0.009200413,0.008930965,0.00386621
T31,0.007756145,0.07581652,-0.0010633151,0.0020212217,0.025406659,0.015291745
T333,0.017406167,0.016411977,0.0009789307,0.022884887,0.018716851,0.0046120808
T431,0.026843704,0.029255105,0.017547708,0.038306832,0.034940057,0.010895749
T378,0.037129752,0.011503903,0.035125133,0.024198228,0.016363176,0.021295229
T379,0.0057864357,0.0064788666,0.004835906,0.007650259,4.281754e-05,0.0071421443
T305,0.004421419,0.00060586067,0.0031594785,0.00025205527,0.00031178503,0.0010868564
T391,0.0050002434,0.00065335183,0.0020714765,0.0011495057,0.00019018809,0.0017230369
T660,0.020706408,0.028881064,0.0039032241,0.0046068677,0.0017898568,0.0015606269
T188,0.07250907,0.0034107945,0.003941215,0.04657006,-0.0073047867,-0.009012939
T166,0.0055953306,0.047057725,0.00043548204,-0.00084755087,0.016616587,0.0022979865
T545,0.028154869,0.04674445,0.0026248326,0.0047526513,-0.0023826102,0.00079486816
T497,0.010009731,0.00514075,0.006869259,0.0045473003,0.004997565,0.0010640532
T459,0.030875528,0.022400932,0.036280192,0.0068317116,0.021696245,0.022824276
T701,0.007746835,0.0067993873,0.0033896905,0.0084230965,0.009073461,0.0022488518
T303,0.00037346588,0.0045243106,0.0035761283,0.00017816784,0.0006976307,0.0015385565
T357,0.005497984,0.033072125,0.00063831074,0.0017399321,0.009578799,0.0053979442
T499,0.036424235,0.008185507,0.02333344,0.009963096,0.0077069257,0.03319629
T366,0.02878464,0.040226772,0.0040764725,0.0064729922,0.0015349212,0.01928729
T647,0.005553931,0.031321403,0.03478268,0.006825118,0.004101673,0.0055156644
T498,0.0030314424,0.039042417,0.009742942,0.011231846,0.020423094,0.02557723
T555,0.055619337,0.047931433,0.011930593,0.015696043,0.044104293,0.0010234021
T685,0.015642358,0.017000375,0.008058188,0.011855351,0.00534133,0.011768135
T243,0.034178954,0.03251777,0.030470883,0.04192466,0.038492575,0.027360594
T493,0.0016971275,0.008799718,0.0047495095,0.004656704,0.0023597016,0.003569627
T664,0.0155485105,0.058316242,0.0006788054,0.0016942181,0.035853986,-0.0017067521
T226,0.035275146,0.05273789,0.030129952,0.034315836,0.045677833,0.005560921
T470,0.008280103,0.027357955,0.02151417,0.0031602995,0.00096905604,0.0060579767
T107,0.032643452,0.034590777,0.02204953,0.041650154,0.032572318,0.03339345
T332,0.009251257,0.042288832,0.027774932,0.032358307,0.0029836225,0.042055476
T607,0.045431454,0.025668286,0.013880132,0.0155042745,0.026050685,0.024932612
T464,0.03915687,0.004349618,0.038755547,0.001969667,0.014973039,0.032650948
T13,0.0166539,0.04616575,0.019687833,0.042995963,0.043879878,0.01668158
T597,0.036083,0.02172591,0.032289032,0.014802264,0.029487865,0.011179447
T224,0.06777124,0.046678845,-0.017030163,-0.009737996,0.019298952,0.018989861
T22,0.046688017,0.015104968,0.054113004,0.012147675,0.028475074,0.037374
T255,0.05057388,0.02644632,0.03450445,0.016125094,-0.008950089,0.0073336116
T127,0.007009095,0.03161797,0.02521219,0.03530353,-0.006371391,-0.00042811903
T610,0.02372997,0.040948547,0.051870126,0.0066578644,0.05596965,0.015175219
T254,0.012944491,0.047797836,0.020928793,0.054911416,0.0072226217,0.0056628776
T345,0.016362254,0.07679907,-0.00053495786,-0.00037332962,0.022128722,0.004120796
T250,0.019662648,0.0113137085,0.0087856995,0.0078923125,0.007855665,0.006387145
T539,0.010529218,0.06367735,0.02963079,0.003987524,0.0013456175,0.039837345
T549,0.035016946,0.07402308,0.0023871057,0.01681506,0.0019018,-0.0013072714
T644,0.025264738,0.039965235,0.014614393,0.030251805,0.0020602816,0.0062636593
T665,0.023525277,0.055625133,0.0029172406,0.00029976963,0.029788189,0.01462957
T28,0.0568337,0.046726804,0.0013543344,-0.0032694133,0.003090386,0.0041403826
T230,0.021085825,0.060672242,0.04623552,0.0057610646,0.011668013,0.0012607456
T416,0.005888572,0.046168506,0.039539833,0.022267653,0.0031958309,0.045000985
T406,0.042683285,0.034372997,0.007853101,0.014203474,0.010438023,0.026297115
T238,0.0433403,0.015571282,0.04116069,0.0034001728,0.008745753,0.03057103
T286,0.0036492872,0.006222657,0.0030185059,0.0011901263,0.00048057636,-6.743769e-06
T209,0.03142909,0.04949708,0.01976108,0.024498206,0.033193134,0.0016045396
T108,0.011602425,0.046116102,0.0010287112,0.04710742,0.03414221,0.031837232
T353,0.017450599,0.039230887,0.02090013,0.0023122688,0.02454884,0.01186454
T614,0.024306204,0.039716575,0.030422783,0.03611527,0.032315608,0.03339066
T143,0.061791994,0.024424536,0.044554308,0.009856416,0.0025126466,0.032397795
T122,0.04556265,0.055815578,0.003965553,0.01435424,-0.013466274,-0.010036882
T622,0.020957356,0.07427463,-0.00026429803,-0.00012871159,0.009260533,0.03216031
T65,0.003561,0.041961588,0.021655653,0.023119021,0.00852379,0.011995677
T247,0.046865534,0.0040638577,0.033984054,0.03348399,0.046913926,0.0016428519
T282,0.04329497,0.017664572,-0.00020160867,0.004623282,0.0021563221,0.003372427
T78,0.020829277,0.02907148,0.013228169,0.020948349,0.01286675,0.026805045
T235,0.049993534,0.017155608,0.06525025,0.0036588935,0.006418972,0.010777535
T63,-0.0012964414,0.041411918,0.011057955,0.019353723,0.030883389,-0.00400687
T582,0.060562525,0.024627484,0.040984016,0.045180384,0.03217934,0.027587606
T602,0.05095807,0.015251582,0.011109005,0.038997892,0.009289748,0.01867237
T550,0.0037565355,0.080830805,0.015654314,0.0015397981,-0.0024746195,-0.0018885158
T90,0.0394712,0.03450464,0.011459881,0.030742519,0.034533963,0.0030063407
T613,0.023971902,0.037668727,0.044727635,0.004995772,0.036435705,0.023579078
T561,0.022732044,0.03671988,0.017093992,0.030682543,0.021303533,0.026567714
T592,0.011600761,0.031053191,0.015684448,0.016960206,0.017805718,0.00016407514
T430,0.03248716,0.02406981,0.03240221,0.027550016,0.007776463,0.036298003
T457,0.027405577,0.016252464,0.021071298,0.021531565,0.016156519,0.026114075
T206,0.01628622,0.043859072,0.050909918,0.013931113,0.033431605,0.04544997
T445,0.046596106,0.039506607,0.04872826,0.021226117,0.0049093086,0.029061947
T689,0.024204176,0.019005114,0.0009112527,0.02033908,0.020773083,0.0021981949
T653,0.042493224,0.029764952,0.024264187,0.015711375,0.025705373,0.024722598
T538,0.019322462,0.056820687,0.04177561,0.029994015,0.03066781,0.025494657
T421,0.039586056,0.028435698,0.022446016,0.040373463,0.033165324,0.029256362
T82,0.039327636,0.027314028,0.048784304,0.03330082,0.00084578077,0.003338988
T619,0.036315285,0.057225253,-0.001048793,-0.0003013334,0.0023093927,0.023437751
T662,0.039767504,0.016658543,0.04431498,0.002241363,0.013557697,0.052467063
T317,0.033450577,0.029119002,0.04572108,0.021236753,0.0024678085,0.035929937
T84,0.04255926,0.006789247,0.021846106,0.0017936203,0.004807496,0.0047245203
T586,0.01573023,0.034567084,0.0026495873,0.012969414,0.0034514673,0.009109673
T591,0.01577684,0.024755824,0.0063059484,0.012531044,0.012834509,-0.0013903315
T289,0.038184103,0.019077845,0.0061762114,0.021950569,0.0037387342,0.0067368085
T326,0.010267819,0.06048101,-0.0011356925,0.0047583943,0.0006235164,0.018100651
T635,0.019177685,0.01803292,0.024020592,0.017875444,-0.0005403839,0.009503729
T18,0.02126193,0.0350542,0.009543884,0.029450102,0.0033302433,0.016765272
T564,0.005783348,0.060087707,0.0069261794,0.023058739,0.026892448,0.018565118
T189,0.017739166,0.07806393,0.003422746,0.0042196033,0.02732923,0.029733008
T328,0.028125364,0.026412576,0.0069263177,0.036175508,0.0012267254,0.037740204
T486,0.017027218,0.012169625,0.0134030385,0.00901279,0.0063134637,0.013926087
T201,0.00762445,0.049806315,0.007099298,0.0043330267,0.0074945264,0.00385369
T273,0.03886754,0.028541852,0.016309666,0.033710275,0.012494205,0.025163312
T260,0.021274293,0.0466637,-0.0013385221,0.034748748,0.034354866,0.019885698
T15,0.024466267,0.04654019,0.0166228,0.0056890766,0.0051978747,0.006539865
T490,0.005480176,0.055940878,0.0016201396,-0.0002054542,-0.0044301315,-0.008180161
T97,0.046822898,0.04927325,-0.008270313,0.0016038545,0.009902424,0.014699254
T656,0.052012082,0.019138405,0.030802961,0.0039071846,0.027400892,0.026672168
T202,0.05191505,0.0074187946,0.003178973,0.043076996,0.017482718,0.039204203
T521,0.029618919,0.05068707,0.029496519,0.049760006,0.02816132,0.0070370673
T551,0.03435244,0.042797014,0.0006268741,0.0019100799,0.008582114,0.0056213066
T278,0.038088463,0.015995888,0.022030555,0.032900695,0.010813629,0.02293677
T587,0.023275144,0.022371074,0.017398713,-0.0031119906,0.009948924,0.003558292
T478,0.015347049,0.011716696,0.004645787,0.012651679,0.011277317,0.0020614348
T571,0.03423255,0.052156445,0.00012400761,0.010853014,0.0033783538,-0.0025166785
T324,0.065310754,0.0074806204,-0.0056323307,-0.00048605856,0.01367288,0.030850925
T174,0.045295577,0.021968843,0.008294553,0.046192575,0.037450995,0.026201898
T343,0.04499213,0.06423024,-0.00101505,-0.0016703636,0.016468497,0.016180273
T485,0.016399216,0.014324772,0.006094488,0.002451618,0.004307949,0.0023450637
T253,0.045936454,0.027928073,0.011493234,0.028925935,-0.0005562535,0.00062221737
T611,0.011025695,0.045634024,0.03197189,0.042694863,0.0008513599,0.038651295
T70,0.026938576,0.03159149,0.02753373,0.025130661,0.042233553,-0.00064752094
T160,0.060340565,0.0250446,0.04211409,0.017551433,0.00036211373,0.0031806156
T24,0.02370278,0.038480125,0.027584793,0.034745608,0.018072156,0.055843573
T640,0.010434015,0.048164118,0.026816646,0.023438953,0.004478775,0.0060371365
T134,0.041831672,0.00087531784,0.012987717,0.036572237,0.0061246613,0.037639666
T105,0.018136049,0.038977142,0.03603839,0.009561888,0.0361055,0.0068179546
T494,0.0047275117,0.00248819,0.0026137815,0.002196835,0.0019229992,0.0008007036
T531,0.050503466,0.03756108,0.057942796,0.013918637,0.040188305,0.011439139
T627,0.06898224,0.006799084,-0.008148626,0.008165085,-0.0006821716,0.0015177429
T435,0.013355595,0.029452512,0.011279082,0.00482689,0.01371208,0.012279515
T304,0.0007138292,0.0045127724,0.0017166031,0.0028007065,0.00047445472,0.0012791186
T641,0.049156897,0.003482548,0.023782467,0.026718764,0.0052873446,0.0053721117
T655,0.05538826,0.0028848862,0.018505262,0.025037069,0.0053346264,0.037930902
T492,0.009291887,0.019957121,-0.00033341025,0.012947676,0.00753588,0.007926955
T363,0.01965192,0.036590084,0.024531454,0.026888069,0.014616746,-0.00036522542
T217,0.055516385,0.031751595,0.029930705,0.03936727,0.022087429,0.03821785
T680,0.046757627,-0.00041424448,0.04286164,0.031089837,0.044735838,0.004041471
T500,0.031772584,0.008158565,0.008932446,0.024948275,0.00892933,0.031236874
T258,0.0101537835,0.053180672,0.010457526,0.045543388,0.0075037926,0.0018812715
T129,0.011196041,0.019828012,0.008122914,0.017465886,0.015229462,0.00045575996
T633,0.05236381,0.008464461,0.005381077,0.0031945552,0.008679729,0.006586512
T75,0.05719279,0.016304705,0.029408686,0.03577883,0.00086414453,-0.00024304936
T547,0.01611667,0.08105664,0.012932635,0.012143339,0.0021672333,-0.0004604799
T360,0.0047481954,0.0402732,0.034864496,0.0056729615,0.014479036,0.0040305057
T77,0.011494837,0.0335202,0.017417941,0.0241816,0.011502802,0.015540284
T308,0.0017797318,0.0062718554,0.0013509017,0.0026109894,0.00056956924,0.0006212185
T542,0.046238508,0.033056602,0.039871935,0.007548727,0.008634744,0.04314871
T683,0.030302094,0.03604072,0.046903484,0.008961301,0.034721453,0.028488237
T228,0.061970823,0.023749977,0.036063526,0.030856457,0.002059746,0.0061651
T674,0.0158197,0.041279543,0.015266656,0.04070301,0.050006654,0.06144568
T335,0.009776851,0.024623245,0.02265221,0.00016776491,0.017820835,0.014341174
T684,0.03543358,0.011630272,0.0022079863,0.026264442,0.008320956,0.004009533
T186,0.048666798,0.03690942,0.010142008,0.03418892,-0.00035621267,0.0010272005
T199,0.030504817,0.006155347,0.0024922048,0.0027554226,0.0004911512,0.0017186943
T386,0.0034904592,0.03518498,0.002945614,0.03246405,0.029076947,0.011470049
T55,0.016384965,0.020997267,0.024097804,0.0032491346,0.006304898,0.020634485
T56,0.009762121,0.025553582,0.016096253,0.015203716,0.01379597,0.014387005
T68,0.0076532024,0.041047104,0.014140043,0.037751153,0.005377249,0.03765181
T518,0.00031046607,0.048813935,0.025970237,0.037276275,0.0017603071,0.008984927
T567,0.048106693,0.0040602447,0.019404214,0.021151483,0.023318116,0.013279126
T270,0.0053049466,0.0388667,0.006375863,0.0020126232,0.0057003526,0.0037507606
T341,0.07639645,0.020696223,-0.0017537518,-0.00017770976,-0.018633908,-0.004197692
T506,0.050053373,0.018316519,0.0072966022,0.025170894,-0.0033490995,-0.0014377446
T650,0.04941369,0.014303205,5.3414147e-05,0.00046905308,0.0057337643,0.028445033
T676,0.04283375,0.040837806,0.0055476287,0.04516083,0.02147121,0.018631585
T646,0.033733357,0.03211509,0.014020207,0.0078007,0.017076673,-3.7712838e-05
T400,0.04353789,0.0036810988,0.0009868582,0.0058561293,0.017953204,0.009812418
T21,0.045614604,0.016934367,0.018629756,0.0524323,0.013418944,0.04496925
T194,0.024860742,0.03897301,0.0458243,0.018579314,0.029037626,0.03917163
T502,0.02052729,0.06689618,0.00097065483,-0.0006530877,0.009035528,0.019805962
T208,0.048912324,0.0271285,0.021732353,0.038623888,0.034689263,0.00091253896
T349,0.06487408,0.0273354,0.053501513,0.0016767817,0.027204452,0.02481426
T695,0.038156986,0.00478614,0.032998167,0.01832548,0.014124531,0.0057660784
T346,0.06754658,0.039478038,-4.9108345e-05,-0.00034753085,-0.023321103,-0.0005685411
T145,0.047362443,0.017089624,0.04810852,0.002554962,0.0071992455,0.044055734
T358,0.011482709,0.041161638,0.03761257,0.017391918,0.03529782,0.015769966
T103,0.07372458,-0.0029557527,0.013857817,0.040496,0.02399982,0.010163185
T131,0.021816393,0.0049886703,0.0138975335,0.009048537,0.005586937,0.008708115
T384,0.022437911,0.011221808,0.0034226603,0.01917542,0.0133520635,0.01021014
T271,0.03799276,0.0032160326,0.025704287,0.021426264,0.021574402,0.02231216
T85,0.046668652,0.012470677,-0.0040932735,0.0102426065,0.0066600884,0.0015582517
T408,0.021866947,0.04790121,0.017831685,0.028282396,0.0055900053,0.0051470944
T284,0.015516686,0.044104807,0.0031829241,0.000921245,0.003159537,0.002661525
T404,0.00023567639,0.022239424,0.010774712,0.005797593,-0.0019679111,0.00021002162
T123,0.053196535,0.03308178,0.0007142708,0.014950125,0.0006221675,0.015675897
T453,0.031377804,0.033570457,0.045156065,0.007967642,0.00370335,0.045182575
T290,0.039636154,0.016474811,0.006241842,0.021060446,0.0024444826,0.0056868847
T267,0.02985252,0.044743087,0.020162327,0.014225153,0.017249037,0.031768978
T121,0.0065394286,0.062579855,0.0027219057,0.024417428,0.012911196,0.0030132525
T423,0.020593742,0.07102679,0.033131566,0.027823737,0.044718627,0.012567548
T163,0.016969124,0.04921317,0.00024800975,0.03525173,0.0001938298,0.0012759101
T596,0.028686192,0.03886325,0.023830999,0.032743536,0.036942877,0.01128011
T319,0.040802494,0.008402833,0.021503264,0.03045064,0.019709906,0.021248776
T262,0.027868215,0.055157915,0.010776102,0.045574978,0.024898244,0.00504063
T215,0.029047962,0.042310484,0.031416107,0.03519564,0.037576985,0.019406231
T182,0.0066980054,0.02490573,0.0009762437,0.019568177,0.0025185354,0.009881383
T629,0.08157609,0.0063351616,0.030490479,0.00055149104,0.021793433,0.011198238
T310,0.05682354,0.019803477,0.0002611358,-0.00021383511,0.02975512,0.014619929
T46,0.004650624,0.034455605,0.029180288,0.020190688,0.015865091,0.031933922
T274,0.005459913,0.05617637,0.021205964,0.03903542,0.0016235126,0.01327811
T283,0.023546854,0.039209154,0.0043893787,0.006540884,0.004863569,0.004594102
T261,0.043172613,0.031812955,0.03699832,0.024847405,0.012356283,0.034100935
T634,0.035360936,0.01967922,0.007011592,0.0075922287,0.0044553946,-0.0055184206
T495,0.0019167754,0.008682427,0.0038027775,0.0046764934,0.002881388,0.00073826493
T510,0.048398595,0.007149883,0.014608009,0.03269286,0.016959572,0.026408633
T605,0.04313996,0.046452872,0.03176421,0.03446517,0.043686282,0.009195441
T637,0.027207144,0.04504583,0.0063318885,0.009837257,-0.00055198016,-0.004313951
T543,0.02932882,0.026599323,0.0017234393,0.03328814,0.036514897,0.006022632
T1,0.012388667,0.019675665,0.009200982,0.02152581,0.00032762514,0.00014012643
T523,0.023006234,0.060710415,0.053979363,0.037080664,0.025903288,0.043295503
T546,0.05008292,0.05910162,0.017997082,0.01155503,0.0009630947,-0.0012808681
T329,0.02032109,0.038688894,0.005304665,0.04295226,0.03670671,0.021799808
T623,0.038550567,0.06396195,0.00020252612,-0.00045012866,0.0005625308,0.021488938
T161,0.0064608455,0.06268292,0.03284206,0.029454641,0.0029565694,0.00071131805
T148,0.05845939,0.027535977,0.04019629,0.019025307,-0.0002297,0.0078105046
T252,0.00023911016,0.02215888,0.0047329636,0.013801191,0.005955679,0.007505321
T94,0.031939317,0.02086136,0.0032972612,0.0024824224,-3.224666e-06,-1.6417353e-05
T257,0.06081361,0.025505673,0.010833093,0.0052898917,0.023758141,0.017971734
T385,0.016174786,0.041335978,0.013938271,0.0051523414,0.005736998,0.005388647
T11,0.041321687,0.021804728,0.04473957,0.0071250265,0.039096195,0.0072733406
T694,0.031855293,0.025154812,0.03753811,0.009568613,0.0087035615,0.040629033
T558,0.025794633,0.074159585,0.016038077,0.009804871,0.01816171,0.031245375
T205,0.007656594,0.046194505,0.04162621,0.02793121,0.012827861,0.056904867
T240,0.018990796,0.005929477,0.0123275835,0.007547022,-0.0008924565,0.010395315
T562,0.03395817,0.030189166,0.0035894006,0.026216222,0.0016379078,0.025675263
T323,0.010860996,0.055862978,0.009946849,-0.00052791607,0.0012718291,0.03348504
T584,0.053595655,0.036152534,0.01858563,0.054357544,0.0073583433,0.039933417
T702,0.007456411,0.0011092308,0.00497635,0.00086675,0.0045422367,0.0010799995
T171,0.024885025,0.060681466,0.0008220553,0.0007962977,0.02355487,0.04422093
T301,0.016359206,0.008314153,0.0072402568,0.0135877915,0.0004704604,0.014448574
T370,0.0031209837,0.047861867,0.041741885,0.016485428,0.03164332,0.033801284
T409,0.0074038003,0.042416282,0.03024692,0.007531343,0.0032095008,0.017462164
T427,0.008083809,0.035738304,0.0034350355,0.030042052,0.021169182,0.020442393
T296,0.028549096,0.0066043832,0.005391252,0.025750538,0.008271255,0.013315392
T691,0.067142986,0.0049089836,0.014915155,0.04436095,-0.0008953939,0.00470679
T460,0.009846525,0.036653947,0.021477986,0.029747777,0.017818691,0.025812466
T147,0.040628325,0.050419845,0.04437362,0.012797649,0.0085491035,0.01088501
T429,0.03914374,0.004629889,0.028792094,0.03194712,0.033417065,0.008618911
T126,0.027600352,0.017359031,0.023352854,0.034958754,-0.004234349,0.007408232
T526,0.010458395,0.072810136,0.0024440172,0.001552753,0.015585042,0.03894488
T74,0.05059338,0.026082378,0.037859518,0.023459923,0.0006636152,0.0020959713
T265,0.053338725,0.004676164,0.038464885,0.0086379945,0.003349703,0.046543136
T616,0.04824043,0.030410578,0.0057591842,0.026212819,0.014534207,0.030815948
T246,0.0329809,0.033670075,0.043039024,0.03225323,0.046078183,0.009888477
T136,0.031358622,0.013438349,0.008947556,0.029365169,0.0062213647,0.021985566
T699,0.006365971,0.013443856,0.011357083,0.0069525554,0.005350661,0.012451956
T232,0.0037640515,0.03414201,0.022303624,0.030692456,0.0020307212,0.0027300853
T287,0.0031239807,0.0027410267,0.0013194897,0.00021001647,0.00015939192,0.0006107921
T64,0.03619017,0.0209662,0.03007638,0.0042034048,0.009632197,0.010752136
T318,0.011719042,0.040745474,0.02023024,0.047990087,0.019076088,0.0004378687
T214,0.03622608,0.03453414,0.047158062,0.0013529264,0.043002747,0.0009811433
T403,0.0064483685,0.025992027,0.0034043225,0.00057254697,0.0018753322,-0.0015261403
T692,0.055408157,0.03329771,0.040210307,0.021610744,0.007544277,0.0030376497
T504,0.03924726,0.014522176,0.008125746,0.0676225,-0.00427393,0.0052059526
T292,0.009917053,0.04502981,0.039962564,0.0048829564,0.04031008,0.016469918
T133,0.014382542,0.023787094,0.015340448,0.016694464,0.0015727511,0.02153469
T479,0.0033901753,0.017996412,0.011448281,0.005590886,0.005845533,0.010697635
T663,0.011443865,0.06424656,0.002946614,0.0018398981,0.024350667,0.022030333
T242,0.047119122,0.0023615523,0.035275813,0.03121045,0.03898566,0.026299385
T190,0.04497569,0.042733643,-0.001983545,0.0038513588,0.020180855,0.018300952
T27,0.01591513,0.048148267,-0.00074635417,-0.0005933332,-0.00805912,-0.0002900293
T275,0.0034442763,0.061958693,0.001955537,0.026573682,0.0043221293,0.028603813
T179,0.009217192,0.021098996,0.008178834,0.005229467,0.0034385424,0.0044307387
T300,0.00074578077,0.01991592,0.0029205095,0.016462214,0.007086654,0.0136543205
T508,0.042629343,0.027826302,0.036568157,0.007012485,0.03217044,0.009999214
T673,0.04257441,0.014426732,0.04374687,0.0073139057,0.07919986,0.0075101983
T119,0.005015004,0.049684096,0.017937435,0.005581068,-0.0017893617,0.035883877
T700,0.013443559,0.0036941103,0.009626206,0.00816865,0.012582435,0.0030686287
T245,0.006487169,0.046808925,0.045594957,0.012131925,0.026662515,0.035873294
T239,0.023702305,0.012389645,0.023548083,0.013797032,0.00339329,0.011820429
T590,0.002658046,0.019172512,0.015836297,0.0022858095,0.0019949188,0.008875117
T454,0.029922847,0.027670268,0.0069043795,0.040033687,0.029584194,0.027156416
T507,0.04596939,0.00629146,0.0006645292,0.029756976,0.017836954,0.017620657
T612,0.025213122,0.0067840046,0.025710592,0.00029996686,0.0228557,0.010395867
T536,0.046502147,0.007623047,0.024032068,0.0415164,0.04701854,0.0017193736
T322,0.009829637,0.056048725,0.00655532,0.007591365,0.0059005124,0.032999936
T216,0.00808669,0.05017807,0.023189282,0.05104102,0.039172344,0.017363448
T269,0.031043472,0.045974977,0.04012641,0.010915885,0.009884964,0.0037833008
T244,0.046001863,0.010491445,0.03802911,0.028004296,0.053907234,0.0047486653
T30,0.07068871,0.018790867,0.0058106575,-0.00014482922,-0.0016499907,0.008628767
T475,0.011699168,0.012416754,0.011113922,0.005042337,0.0036635872,0.0028424913
T652,0.039943002,0.030968972,0.014351456,0.023958623,0.0012872514,0.03463512
T544,0.025141234,0.01462925,0.009526062,0.012191576,0.0029500162,0.0026795848
T503,0.065726,0.0196401,0.0013554026,-0.00015965036,0.029580168,0.028874876
T159,0.0041572796,0.06525321,0.006525325,0.04523647,0.000119115364,0.0033691495
T125,0.032254234,0.00927364,0.04343954,0.0018957125,0.016279072,0.018881273
T532,0.02555819,0.05066139,0.035492804,0.0020665196,0.006954247,0.016788362
T482,0.024368998,0.006370162,0.010544528,0.0091506215,0.00027910114,0.0059464076
T473,-0.00084248366,0.017427597,0.00888678,0.0017103789,0.00039903927,0.0010321521
T480,0.023543112,0.005728313,0.0066888994,0.005288476,-0.0004482614,0.012419135
