HIV1462,0.005445605,0.0077557475,0.002564546,0.0073126075,0.0033820122,-0.00042286588
HIV1216,0.00027479324,0.00018569484,4.5289133e-05,3.5668214e-05,7.3658907e-06,8.603408e-06
HIV1460,0.004181616,0.0007711916,0.0010392744,0.0032977653,0.0005104268,0.002632065
HIV1100,0.052441675,0.03134491,0.03241099,0.025069179,0.008837559,0.006554127
HIV1276,0.008313379,0.072406925,0.004858247,-0.0124926185,0.0087729925,0.028372042
HIV1421,0.0019308946,0.00096826087,0.00085572083,0.0012731031,-1.652498e-10,-1.4256954e-10
HIV1306,0.003044177,0.00102258,0.0009930837,0.0027792791,0.0013404902,0.00071664905
HIV1277,0.005330826,0.06983593,0.045823872,0.003621015,0.017304143,0.010704688
HIV1417,0.001223816,0.0010893735,0.00054596807,0.00046444318,3.182585e-05,1.9966212e-05
HIV1467,0.0015368509,0.00060921605,0.000602386,0.00041726063,9.554554e-05,6.1751525e-05
HIV1502,0.0018193937,3.9881463e-05,0.0002672994,0.0009175692,0.0010983811,5.0063678e-05
HIV1264,-0.00030259686,0.0042432942,0.0034637616,0.00051770196,0.0026583709,0.0002634574
HIV1211,0.0019308946,0.00096826087,0.00085572083,0.0012731031,-1.652498e-10,-1.4256954e-10
HIV1245,0.005123058,0.022396525,0.022352006,0.0025521067,0.022272358,0.0010721445
HIV1312,0.008313379,0.072406925,0.004858247,-0.0124926185,0.0087729925,0.028372042
HIV1516,0.0018816219,0.06493152,0.0013822677,0.05150737,0.0009037134,0.002340502
HIV1304,0.0015340756,0.00076573505,0.0007151182,-1.5165299e-06,1.6377055e-05,3.191955e-05
HIV1547,0.056514576,0.0267108,0.0049342755,0.0013431013,0.01810446,0.020708023
HIV1226,0.016713561,0.044450752,0.04759041,0.012468354,0.021093208,0.03928776
HIV1551,0.0016657155,0.001080384,0.0015965468,0.0001816429,0.0003319139,0.00062247197
HIV1667,0.000901936,0.0013307572,0.00045808783,0.000101204714,0.0002668785,0.00027625624
HIV1265,0.0027525357,0.0004471057,0.0017196502,0.0010980819,0.0008990705,0.0006518249
HIV1469,0.015693001,0.004047592,0.0065858243,0.013374163,0.0019377234,0.012844505
HIV1595,0.006315139,0.0063143084,0.0017214849,0.009026914,0.00074807124,0.00025393922
HIV1190,0.0054802424,0.03995856,0.03495069,0.019634103,4.5476187e-05,7.401271e-05
HIV1013,0.020247335,0.0180263,-0.00049214775,-0.0004138561,0.002180051,0.010408527
HIV1261,0.028707242,0.009252102,0.0067034024,0.027550442,0.017252913,0.016088473
HIV1465,0.0010723863,0.001314465,1.7897093e-05,0.00071508565,3.663205e-05,8.151978e-06
HIV1327,0.0002486273,0.0008089536,8.772159e-05,7.82684e-05,2.0549945e-05,1.809839e-05
HIV1538,0.0054802424,0.03995856,0.03495069,0.019634103,4.5476187e-05,7.401271e-05
HIV1552,0.051345367,0.014058051,0.0003078347,-0.00026763062,0.027759856,0.005620663
HIV1169,0.0004488762,0.0014739223,0.0013464688,0.00016110862,5.9928014e-05,0.00030916
HIV1291,0.024699064,0.050729826,-0.00030142794,0.005512654,0.0035758156,0.028345577
HIV1120,0.00027479324,0.00018569484,4.5289133e-05,3.5668214e-05,7.3658907e-06,8.603408e-06
HIV1289,0.0076007554,0.014436373,0.0051508145,0.0072738756,0.0013341586,0.00049016613
HIV1498,0.026768235,0.0012040385,0.01690972,0.01072727,0.012876451,0.0032982074
HIV1649,0.0048453724,0.063491136,0.0033913704,-0.0017724767,0.004179535,0.002278761
HIV1367,0.0027525357,0.0004471057,0.0017196502,0.0010980819,0.0008990705,0.0006518249
HIV1010,-0.0007349536,0.01677738,0.0078455275,0.013529962,0.011033881,0.0072607887
HIV1178,0.00090232847,0.0014057375,0.0002650122,0.00063430966,7.321981e-06,1.2880179e-05
HIV1164,0.0132756345,0.017926715,0.0078041176,0.009772366,0.0015495825,0.0047331103
HIV1114,0.016646095,0.031888425,0.026657842,0.022647547,0.005013577,0.0023374797
HIV1081,-4.575479e-06,0.0006650382,0.00050747243,-1.5505992e-05,0.00014739484,2.866943e-05
HIV1307,0.00025733086,9.5779535e-05,4.6958492e-05,6.418587e-05,2.452337e-06,7.5299026e-06
HIV1468,0.015738193,0.004061259,0.006645192,0.013336364,0.0019206206,0.012884322
HIV1266,0.003704514,0.028527303,0.0053902967,0.02283718,0.005124077,0.015709283
HIV1363,0.020084364,0.02031547,0.02348925,0.010492365,-0.0003064665,0.021873228
HIV1243,0.038451802,0.04894333,0.007053872,0.061220534,0.05689489,0.009101113
HIV1185,0.0012153804,0.0020785488,0.0012107665,0.00024997216,0.00010066573,6.805057e-05
HIV1454,0.04378265,0.010132802,0.0029207873,0.0031395566,0.00037860862,0.00077161496
HIV1654,0.019335931,0.009997409,0.0050246175,0.015415955,0.015287471,0.005321313
HIV1269,0.0010679319,0.0013390026,0.0006216198,0.00035493422,1.5686259e-05,3.5150257e-05
HIV1563,0.004478132,0.0018353985,0.0040459125,-0.00016292473,0.0004639892,0.0012570337
HIV1123,0.012449909,0.03606421,0.027079172,0.026755452,1.8112167e-05,2.7607237e-05
HIV1231,0.0052390317,0.06502796,-0.010991762,-0.0016864936,0.016524088,0.0032135178
HIV1611,0.027394366,0.05891163,0.008612002,0.053472403,0.0022108466,0.002523483
HIV1596,0.0007141836,0.0010944986,0.0005824615,0.00079858716,4.687986e-06,9.088628e-06
HIV1008,0.045154203,0.024703898,0.027774544,0.028899176,0.043781765,0.013567504
HIV1386,0.0027413366,0.0034504093,0.0026324517,0.0024128067,0.00042490775,0.00051241956
HIV1360,0.05071445,0.0046373587,-0.003079434,0.0023628075,0.017105425,0.0213097
HIV1239,0.04937143,0.016760208,0.01600311,0.024001526,0.031348966,0.009256923
HIV1329,0.018854048,0.0125940535,0.008468383,0.019578554,0.011871344,0.010430758
HIV1126,0.016646095,0.031888425,0.026657842,0.022647547,0.005013577,0.0023374797
HIV1404,0.012449909,0.03606421,0.027079172,0.026755452,1.8112167e-05,2.7607237e-05
HIV1183,0.0015422892,0.0027548715,0.00020590745,0.0013049088,0.00013556746,0.0006082899
HIV1129,0.0039475802,0.0018022686,0.002315943,0.0025032756,0.00035938696,0.00013353603
HIV1014,0.044725332,0.022255927,0.033557627,0.02403709,0.010756292,0.038165152
HIV1625,0.057101354,0.005184378,0.015347486,0.03548801,0.0005632388,-0.0008381673
HIV1406,0.014135586,0.032321855,0.012646081,0.032909073,1.0758572e-05,1.9053095e-05
HIV1002,0.04069107,0.012408555,0.011814339,0.00034687362,0.0018768971,0.0002817305
HIV1646,0.0038691694,0.0071011367,0.0049065705,0.0062042093,0.001895031,0.0005465888
HIV1200,0.001210081,0.00022896886,0.00030378115,0.0006672829,2.0511568e-05,1.0675711e-06
HIV1575,0.05648101,0.0132810455,-0.0039366987,-0.0016874918,-0.012213235,0.002251417
HIV1340,0.0015340756,0.00076573505,0.0007151182,-1.5165299e-06,1.6377055e-05,3.191955e-05
HIV1078,0.045105204,0.010580015,0.008109885,0.04553087,0.013434143,0.044273574
HIV1481,0.017996838,0.06718901,0.027196072,0.034097787,-0.0049572457,-0.0009309437
HIV1083,0.0015340756,0.00076573505,0.0007151182,-1.5165299e-06,1.6377055e-05,3.191955e-05
HIV1249,0.014862205,0.026833031,0.003898905,0.02954677,0.008810009,0.026318498
HIV1117,0.0016657155,0.001080384,0.0015965468,0.0001816429,0.0003319139,0.00062247197
HIV1293,0.009024572,0.05450918,0.031313106,0.031136302,0.044107176,9.97133e-05
HIV1590,0.022991562,0.07558286,0.036105596,0.018756801,0.0030049735,0.00024104178
HIV1150,0.0009447305,0.0048550135,0.0002912279,-7.056343e-05,-0.00026712278,-0.0002969975
HIV1631,0.030140283,0.031903412,0.029321635,0.034243517,0.018347444,0.037187908
HIV1317,0.0012511512,0.047109332,0.046914093,0.004003877,0.03401075,0.032453578
HIV1140,0.0004094695,0.0018249991,0.0016092288,6.120497e-06,0.0012443427,-6.187548e-05
HIV1326,0.009024572,0.05450918,0.031313106,0.031136302,0.044107176,9.97133e-05
HIV1429,0.0063914177,0.06918452,0.005192108,0.03738405,-0.011796538,-0.005631467
HIV1154,0.0002268369,0.00018940013,4.5640907e-05,6.139761e-05,4.078834e-06,6.7345663e-06
HIV1571,0.0017014255,0.039156776,0.039823476,0.005661218,0.0190336,0.031212768
HIV1271,0.00025733086,9.5779535e-05,4.6958492e-05,6.418587e-05,2.452337e-06,7.5299026e-06
HIV1451,0.014222494,0.005264275,0.006076972,0.0043586926,0.0002172237,0.00091881666
HIV1435,0.040283192,0.004551524,0.0036531994,0.012757672,0.0023826112,0.010753601
HIV1152,0.00053798605,0.0012318367,8.9500376e-05,-1.4547453e-06,0.000101290054,0.0001809878
HIV1127,0.00040611636,0.00015586174,5.373831e-05,3.3069005e-05,-1.5887177e-05,1.6415042e-05
HIV1394,0.047088884,0.002349143,0.032437168,0.034165133,0.022271,0.0416495
HIV1186,0.06290597,0.008256379,0.0152075635,0.0045041493,0.021731054,0.036712445
HIV1428,0.04542897,0.012303177,0.04731567,0.03340327,0.035790052,0.0153484065
HIV1455,0.044729773,0.004143088,0.0011716791,0.0008072943,0.0024412633,0.0017172981
HIV1443,0.003874819,0.012709179,0.0014026373,0.011703831,0.009356706,0.0054612807
HIV1508,0.0035745772,0.0010074285,0.0013171193,0.0024919275,0.00036553002,1.5134427e-05
HIV1337,0.0027525357,0.0004471057,0.0017196502,0.0010980819,0.0008990705,0.0006518249
HIV1124,0.012413105,0.033223692,0.03540137,0.00042802823,2.5198178e-05,1.5139047e-05
HIV1409,0.00591738,0.0010597982,0.00073174824,0.005280158,0.0014041044,0.0021543787
HIV1166,0.007244185,0.018944396,0.0112411035,0.010442988,0.00861835,0.0020745478
HIV1022,0.008959725,0.039325234,0.0007588795,0.040082574,6.2003404e-05,3.6368878e-05
HIV1294,0.05071445,0.0046373587,-0.003079434,0.0023628075,0.017105425,0.0213097
HIV1470,0.0039428268,0.016054373,0.0063460832,0.013857573,0.008961354,0.009376501
HIV1630,0.03984815,0.021001572,-0.0009823676,0.04281284,0.036584172,-0.00059964246
HIV1369,0.0027892026,0.020016791,0.0036979162,0.014847874,0.0005811123,0.008839468
HIV1151,0.0026562999,0.0027941524,-0.00015264089,-0.00014613147,0.00034284464,0.0003625456
HIV1634,0.04087781,0.0120998155,-0.0019881974,-0.004161761,0.005017611,0.0067704394
HIV1387,0.008970142,0.0393232,0.00075749273,0.040083766,6.110324e-05,1.7379205e-05
HIV1234,0.02702073,0.011555137,0.012085962,0.020084806,0.0037012675,0.014325413
HIV1109,0.001726254,0.006855353,0.0010983135,0.0001103458,0.0021005494,0.000115227005
HIV1167,0.01978605,0.0042275577,0.014202764,0.0057797283,0.007390861,0.0048992513
HIV1324,0.024699064,0.050729826,-0.00030142794,0.005512654,0.0035758156,0.028345577
HIV1412,0.0004094695,0.0018249991,0.0016092288,6.120497e-06,0.0012443427,-6.187548e-05
HIV1143,0.03314298,0.021104684,0.0023719252,0.03541096,0.011901826,0.033078425
HIV1397,0.04069107,0.012408555,0.011814339,0.00034687362,0.0018768971,0.0002817305
HIV1607,0.04069107,0.012408555,0.011814339,0.00034687362,0.0018768971,0.0002817305
HIV1464,0.0014099684,0.0009028568,0.00069135334,5.4343334e-05,1.4459415e-05,9.474339e-06
HIV1568,0.04069107,0.012408555,0.011814339,0.00034687362,0.0018768971,0.0002817305
HIV1016,0.008959725,0.039325234,0.0007588795,0.040082574,6.2003404e-05,3.6368878e-05
HIV1445,0.00095052895,0.013349129,0.0013346492,0.011596852,0.0019432378,0.010621046
HIV1182,0.002369807,0.0019016427,0.0015304689,0.00039615674,-8.17763e-05,0.0002211179
HIV1521,0.0054802424,0.03995856,0.03495069,0.019634103,4.5476187e-05,7.401271e-05
HIV1149,0.00096429547,0.004852944,0.0002067126,-0.00021368208,-0.00023468643,-0.00032449057
HIV1534,0.03314298,0.021104684,0.0023719252,0.03541096,0.011901826,0.033078425
HIV1366,-0.00030259686,0.0042432942,0.0034637616,0.00051770196,0.0026583709,0.0002634574
HIV1413,0.03314298,0.021104684,0.0023719252,0.03541096,0.011901826,0.033078425
HIV1411,0.0031541488,0.022452055,0.014241057,0.01705488,0.009692526,0.019740038
HIV1514,0.049477264,0.04103021,0.003573187,0.048100684,0.0028430345,-9.5647956e-05
HIV1213,0.048295777,0.040443793,0.0049842168,0.043692626,0.02382075,0.009419483
HIV1629,0.049148727,0.016457135,0.015380279,-0.00034019304,-0.0007785394,0.037637256
HIV1457,0.0028237985,0.030347763,0.019067176,0.021857435,0.009168341,0.021957504
HIV1331,0.0076824194,0.014209465,0.0016514042,-0.0009549312,0.009109154,0.0018615364
HIV1597,0.016713561,0.044450752,0.04759041,0.012468354,0.021093208,0.03928776
HIV1258,0.005975833,0.06589386,0.0012350678,0.00019234323,0.029959522,0.011934066
HIV1392,0.008382985,0.03696845,0.0065670484,0.037096675,0.0321642,0.018075228
HIV1574,0.001404965,0.03827417,0.009173859,0.038787145,0.016318591,0.03220699
HIV1296,0.005975833,0.06589386,0.0012350678,0.00019234323,0.029959522,0.011934066
HIV1176,0.0009051977,0.00042118292,0.00050259597,0.0004882618,7.555869e-06,1.5014976e-05
HIV1133,0.022277284,0.0051407306,0.022336172,0.0015484032,0.0062406277,0.021285335
HIV1372,0.003044177,0.00102258,0.0009930837,0.0027792791,0.0013404902,0.00071664905
HIV1553,0.028590364,0.07901554,0.0018596256,0.012583575,0.014125391,0.026410712
HIV1436,0.032355983,0.019934053,0.008963794,0.0039815693,0.021004053,0.0004848675
HIV1458,0.029824315,-0.00044741546,0.0258598,0.0077441884,0.020212455,0.005531632
HIV1368,0.003704514,0.028527303,0.0053902967,0.02283718,0.005124077,0.015709283
HIV1272,0.0052390317,0.06502796,-0.010991762,-0.0016864936,0.016524088,0.0032135178
HIV1157,3.7667472e-05,0.00046534633,8.682456e-05,2.9275943e-05,-1.8966556e-12,-2.1240957e-11
HIV1056,3.9568193e-05,3.0276735e-05,1.9221117e-13,-9.351688e-13,-1.0322074e-12,-2.6988204e-13
HIV1278,0.04937143,0.016760208,0.01600311,0.024001526,0.031348966,0.009256923
HIV1459,0.02831227,0.018817814,0.0129231075,0.027286474,0.0066266106,0.0186925
HIV1194,0.04718609,0.031628855,0.021440947,0.061086755,0.009850342,0.009737208
HIV1106,0.016713561,0.044450752,0.04759041,0.012468354,0.021093208,0.03928776
HIV1648,0.018534955,0.005102503,0.013716119,0.011433582,0.003054084,0.014791365
HIV1626,0.012984653,0.039102152,0.00086019846,0.037214093,0.024037253,0.024114314
HIV1354,0.0076007554,0.014436373,0.0051508145,0.0072738756,0.0013341586,0.00049016613
HIV1405,0.012413105,0.033223692,0.03540137,0.00042802823,2.5198178e-05,1.5139047e-05
HIV1591,0.0229769,0.075585015,0.039632756,0.009304453,0.00066689134,0.0029100992
HIV1523,0.004478132,0.0018353985,0.0040459125,-0.00016292473,0.0004639892,0.0012570337
HIV1557,0.048711292,0.0023692858,0.040110588,0.025629224,-0.0026614117,0.00041421616
HIV1036,0.03520572,0.020408148,0.008572266,0.039782383,0.00031165834,0.039200302
HIV1308,0.0052390317,0.06502796,-0.010991762,-0.0016864936,0.016524088,0.0032135178
HIV1485,0.020857835,0.02735254,0.01578867,0.02854404,0.0018478513,0.010474296
HIV1098,0.0005885422,0.0022191547,0.0013683694,0.0013332068,-0.00011262974,0.000774162
HIV1570,0.020247335,0.0180263,-0.00049214775,-0.0004138561,0.002180051,0.010408527
HIV1313,0.005330826,0.06983593,0.045823872,0.003621015,0.017304143,0.010704688
HIV1463,0.0007121684,0.0009514882,5.429343e-05,0.000694476,6.8955733e-06,1.5253455e-05
HIV1410,0.022277284,0.0051407306,0.022336172,0.0015484032,0.0062406277,0.021285335
HIV1267,0.0027892026,0.020016791,0.0036979162,0.014847874,0.0005811123,0.008839468
HIV1504,0.0005028322,0.00016142387,-1.2384558e-06,4.5983174e-06,0.00012785915,2.9622797e-05
HIV1287,0.011870282,0.0062325397,0.00017739036,0.011636882,0.004112378,0.00997563
HIV1530,0.026121108,0.034716833,0.039889175,0.010545788,0.036700647,0.014924759
HIV1351,0.009358453,0.00960376,0.011614283,0.0013871181,0.005138219,0.009527619
HIV1564,0.001223816,0.0010893735,0.00054596807,0.00046444318,3.182585e-05,1.9966212e-05
HIV1240,0.025724502,0.04947772,0.017981565,0.0018421535,0.023085922,0.022764372
HIV1647,0.015757399,0.02150145,0.00072737207,-0.00038982922,0.008405031,0.00899466
HIV1318,-0.00018770882,0.0014036734,0.0005771107,0.00080694794,2.234159e-05,0.0001105539
HIV1019,0.026419895,0.0095635485,0.0033097477,0.0025885142,0.013353979,0.008384003
HIV1134,0.0031541488,0.022452055,0.014241057,0.01705488,0.009692526,0.019740038
HIV1493,0.0016332326,0.0042965347,0.00078964815,0.00088016054,-4.5916517e-05,0.00016994521
HIV1320,0.019573301,0.021763962,0.026742326,0.0019467351,0.0213159,0.006658512
HIV1407,0.016646095,0.031888425,0.026657842,0.022647547,0.005013577,0.0023374797
HIV1018,0.009381943,0.029159585,0.020837754,0.020787923,0.0039929682,0.0029177137
HIV1496,0.002818181,0.00048512395,0.0007903932,0.0006185823,0.00032684335,0.0002586034
HIV1663,0.014852257,0.029318899,0.006530562,0.0057205106,0.00073569483,0.011479473
HIV1374,0.0033366124,0.055342834,0.033376507,0.01252599,0.017464163,0.012779321
HIV1566,0.016484333,0.028394653,0.00662809,0.0042292415,0.007007942,0.009092233
HIV1146,0.0049609276,0.0008491755,0.00024673605,-5.627574e-05,-0.0002222059,-0.00036085545
HIV1382,0.04771175,0.008671386,0.0044861245,0.0106787,0.0010482564,0.004520662
HIV1471,0.013648155,0.009734159,0.013745642,0.00735687,0.004453795,0.012410509
HIV1585,0.001404965,0.03827417,0.009173859,0.038787145,0.016318591,0.03220699
HIV1495,0.0022582856,-0.000119131895,0.0011312873,0.001030342,0.00035663095,0.00017232659
HIV1442,0.009358453,0.00960376,0.011614283,0.0013871181,0.005138219,0.009527619
HIV1550,0.039970454,0.020806339,0.03073615,0.031875715,0.013990639,0.03802713
HIV1017,0.05219576,0.019176383,0.024559705,0.037970822,0.030597974,0.010164635
HIV1101,0.016713561,0.044450752,0.04759041,0.012468354,0.021093208,0.03928776
HIV1613,0.029056968,0.063089825,-0.0012517232,0.0005313714,-0.007300791,-0.0019937246
HIV1288,0.014862205,0.026833031,0.003898905,0.02954677,0.008810009,0.026318498
HIV1533,0.001223816,0.0010893735,0.00054596807,0.00046444318,3.182585e-05,1.9966212e-05
HIV1088,0.0029217277,0.0018949949,0.0010815526,0.00034822433,0.00030352472,0.00017657742
HIV1466,0.0016134823,0.0005702267,0.00048635993,0.0005460998,5.976704e-05,9.665692e-05
HIV1447,0.011870282,0.0062325397,0.00017739036,0.011636882,0.004112378,0.00997563
HIV1657,0.046996467,0.00443062,0.016956326,0.04595248,0.02402016,0.040510584
HIV1593,0.0547843,0.008472929,0.033795312,0.012299993,0.03375364,0.023601778
HIV1007,0.016713561,0.044450752,0.04759041,0.012468354,0.021093208,0.03928776
HIV1111,0.04845573,0.034353707,0.0006586775,0.0061676693,0.012893837,0.019414794
HIV1207,0.002045567,0.013054252,0.004638571,0.012102125,0.011060355,0.002292835
HIV1237,0.006888526,0.0152365435,0.0012396146,0.00034803207,-0.0003675451,3.5708188e-05
HIV1195,0.03083717,0.032327063,0.00059542776,0.002801302,0.00023246098,0.00037096863
HIV1030,0.014852257,0.029318899,0.006530562,0.0057205106,0.00073569483,0.011479473
HIV1359,0.0002486273,0.0008089536,8.772159e-05,7.82684e-05,2.0549945e-05,1.809839e-05
HIV1519,0.001223816,0.0010893735,0.00054596807,0.00046444318,3.182585e-05,1.9966212e-05
HIV1221,0.03314298,0.021104684,0.0023719252,0.03541096,0.011901826,0.033078425
HIV1160,0.00036423927,0.00022916302,6.5564025e-05,8.53402e-05,1.2565347e-11,-8.83738e-13
HIV1558,0.0009351782,0.02344151,0.021781364,0.00830627,9.721505e-05,0.00011399858
HIV1515,0.057429884,0.027153632,0.025522556,0.050947353,0.0002491736,0.00020318976
HIV1531,0.029056968,0.063089825,-0.0012517232,0.0005313714,-0.007300791,-0.0019937246
HIV1279,0.025724502,0.04947772,0.017981565,0.0018421535,0.023085922,0.022764372
HIV1130,0.0028340858,0.0034587993,0.003119017,0.0017209105,0.0006507904,0.0002771277
HIV1452,0.015005338,0.016925612,0.0117774485,0.0015599345,0.008652384,0.008463021
HIV1645,0.05531781,0.019097293,0.0058744554,0.007854817,0.03757732,-0.00018636714
HIV1285,0.019573301,0.021763962,0.026742326,0.0019467351,0.0213159,0.006658512
HIV1323,0.056583084,0.03297995,0.017544223,0.0168738,0.021378007,0.025566714
HIV1433,0.07104042,0.01917881,0.0031669564,-0.0013226748,0.00580311,0.010589256
HIV1257,0.018854048,0.0125940535,0.008468383,0.019578554,0.011871344,0.010430758
HIV1058,0.004846581,0.005105773,0.0008643493,0.0004819344,0.0010379975,0.0042830803
HIV1184,0.0025696068,0.00031044692,0.000117101976,0.0010283743,1.5609945e-05,0.00038526152
HIV1026,0.013264623,0.00034258215,0.00244859,0.0043902695,-0.0015428537,0.00095670536
HIV1275,0.02702073,0.011555137,0.012085962,0.020084806,0.0037012675,0.014325413
HIV1001,0.052441675,0.03134491,0.03241099,0.025069179,0.008837559,0.006554127
HIV1475,0.0007562419,0.0011249991,0.0008694036,0.00075097603,7.6946024e-05,1.67372e-05
HIV1270,0.003044177,0.00102258,0.0009930837,0.0027792791,0.0013404902,0.00071664905
HIV1054,0.0061990204,0.04553604,0.03446977,0.027934736,0.039202314,0.015380457
HIV1505,0.00025733086,9.5779535e-05,4.6958492e-05,6.418587e-05,2.452337e-06,7.5299026e-06
HIV1225,0.0054802424,0.03995856,0.03495069,0.019634103,4.5476187e-05,7.401271e-05
HIV1370,0.0015340756,0.00076573505,0.0007151182,-1.5165299e-06,1.6377055e-05,3.191955e-05
HIV1391,0.020338124,0.010838147,0.002107919,0.00692059,0.0039652353,0.00953077
HIV1383,0.02020061,0.036180492,0.015377114,0.030204643,0.0029986447,0.002117417
HIV1284,0.005123058,0.022396525,0.022352006,0.0025521067,0.022272358,0.0010721445
HIV1142,0.041424554,0.016933355,0.0032948933,0.041786272,0.027867429,0.031106299
HIV1136,0.008410351,0.010457295,0.0057701045,0.009971006,0.010509014,0.0018690241
HIV1079,0.036026563,0.030194262,0.028975766,0.037240013,0.009004382,0.046532974
HIV1528,0.016528161,0.050454877,-2.5599822e-05,0.0004107322,0.027194845,0.0084424075
HIV1118,8.990554e-05,0.0003300578,5.449921e-05,1.8500012e-05,5.6924036e-06,1.0351562e-05
HIV1336,-0.00030259686,0.0042432942,0.0034637616,0.00051770196,0.0026583709,0.0002634574
HIV1057,0.0013161424,0.006457051,0.0019723505,0.0032938293,0.0005877699,0.0007404778
HIV1362,0.0076824194,0.014209465,0.0016514042,-0.0009549312,0.009109154,0.0018615364
HIV1532,0.0017014255,0.039156776,0.039823476,0.005661218,0.0190336,0.031212768
HIV1332,0.020084364,0.02031547,0.02348925,0.010492365,-0.0003064665,0.021873228
HIV1179,0.0008793505,0.0014487418,0.00051874167,0.00047683716,1.4705214e-05,2.9391142e-06
HIV1341,0.0010679319,0.0013390026,0.0006216198,0.00035493422,1.5686259e-05,3.5150257e-05
HIV1212,0.004478132,0.0018353985,0.0040459125,-0.00016292473,0.0004639892,0.0012570337
HIV1430,0.024665732,0.03425098,0.0019072973,0.003826614,0.0129699,0.007881808
HIV1511,0.0076409313,0.0054094684,0.0022885664,0.0077537755,0.00034486054,0.0005488525
HIV1334,0.028707242,0.009252102,0.0067034024,0.027550442,0.017252913,0.016088473
HIV1400,0.000114104994,0.00032387636,5.0781277e-05,2.956006e-05,8.798513e-06,5.797892e-06
HIV1444,0.012654402,0.003881946,0.0013515592,0.011762092,0.005461436,0.009365172
HIV1208,0.020230312,0.0016181766,0.012756294,0.008656737,-0.0020584823,0.011135126
HIV1347,0.038451802,0.04894333,0.007053872,0.061220534,0.05689489,0.009101113
HIV1350,0.019573301,0.021763962,0.026742326,0.0019467351,0.0213159,0.006658512
HIV1262,0.028707242,0.009252102,0.0067034024,0.027550442,0.017252913,0.016088473
HIV1361,0.018854048,0.0125940535,0.008468383,0.019578554,0.011871344,0.010430758
HIV1346,-0.00018770882,0.0014036734,0.0005771107,0.00080694794,2.234159e-05,0.0001105539
HIV1168,0.005377562,0.0011516211,4.1941166e-05,0.0006002539,0.0030709715,0.00050467864
HIV1311,0.02702073,0.011555137,0.012085962,0.020084806,0.0037012675,0.014325413
HIV1377,0.051154338,0.0023696548,-1.1937973e-05,0.031290967,0.032129586,0.003224129
HIV1418,0.0012153804,0.0020785488,0.0012107665,0.00024997216,0.00010066573,6.805057e-05
HIV1302,0.0027892026,0.020016791,0.0036979162,0.014847874,0.0005811123,0.008839468
HIV1116,0.016713561,0.044450752,0.04759041,0.012468354,0.021093208,0.03928776
HIV1280,0.0012511512,0.047109332,0.046914093,0.004003877,0.03401075,0.032453578
HIV1662,0.0030178023,0.07868448,0.04307908,0.0010225491,-0.0005150037,0.0015566825
HIV1479,0.00072099175,0.00061883696,0.000203816,0.00035763296,0.000118879856,1.720144e-05
HIV1357,0.049021725,0.014777425,0.00011042973,0.0019750218,0.011657056,0.010653225
HIV1461,0.0012425297,0.0009085657,0.000761865,-1.0602385e-05,0.00011084442,8.1642225e-05
HIV1477,0.00055796944,0.0036061748,0.0005587298,0.00020788514,0.0012136926,0.00021462697
HIV1205,0.045105204,0.010580015,0.008109885,0.04553087,0.013434143,0.044273574
HIV1086,0.011309248,-1.8137398e-05,0.0046359985,0.004180797,0.0022675672,0.00044199696
HIV1338,0.003704514,0.028527303,0.0053902967,0.02283718,0.005124077,0.015709283
HIV1175,0.0003581609,0.0009314145,0.00024668596,0.0006535407,8.169367e-06,3.0296148e-06
HIV1456,0.002663903,0.036007367,0.002203515,0.0025340705,0.01469824,0.0031095862
HIV1408,0.004478132,0.0018353985,0.0040459125,-0.00016292473,0.0004639892,0.0012570337
HIV1669,0.0010224738,0.0009350605,0.0009533728,0.000448974,7.0545946e-05,0.0003261141
HIV1031,0.014852257,0.029318899,0.006530562,0.0057205106,0.00073569483,0.011479473
HIV1162,0.0010358307,0.0010259931,0.0005426893,0.0004161286,6.198231e-05,5.347832e-05
HIV1650,0.00833646,0.0074305623,0.0030962199,0.0024548543,0.000763737,0.0010105935
HIV1432,0.057193737,0.04640056,0.0025129258,-0.0023740223,-3.3007065e-05,0.01209925
HIV1355,0.056583084,0.03297995,0.017544223,0.0168738,0.021378007,0.025566714
HIV1423,0.0149370255,0.08438322,0.009212801,0.004189243,0.032568026,0.0028016057
HIV1062,0.0021435411,0.07104605,0.0033969095,0.0050858716,0.0058151605,-0.01229248
HIV1380,0.036404327,0.00907454,0.010663861,0.010837686,0.018010432,0.012135118
HIV1299,0.0076824194,0.014209465,0.0016514042,-0.0009549312,0.009109154,0.0018615364
HIV1303,0.0027892026,0.020016791,0.0036979162,0.014847874,0.0005811123,0.008839468
HIV1389,0.031129511,0.01429039,0.030206759,0.01431793,0.027852902,0.0090976115
HIV1131,0.004478132,0.0018353985,0.0040459125,-0.00016292473,0.0004639892,0.0012570337
HIV1537,0.0054802424,0.03995856,0.03495069,0.019634103,4.5476187e-05,7.401271e-05
HIV1282,0.038451802,0.04894333,0.007053872,0.061220534,0.05689489,0.009101113
HIV1250,0.0076007554,0.014436373,0.0051508145,0.0072738756,0.0013341586,0.00049016613
HIV1353,0.014862205,0.026833031,0.003898905,0.02954677,0.008810009,0.026318498
HIV1071,0.016713561,0.044450752,0.04759041,0.012468354,0.021093208,0.03928776
HIV1219,0.003373077,0.014015991,0.012179741,0.0045792954,0.0050715967,0.0081783775
HIV1163,-1.0557744e-06,0.0006416777,0.00010942562,0.00032538926,5.120425e-05,9.6799406e-05
HIV1241,0.0012511512,0.047109332,0.046914093,0.004003877,0.03401075,0.032453578
HIV1252,0.024699064,0.050729826,-0.00030142794,0.005512654,0.0035758156,0.028345577
HIV1652,0.032695077,0.03044854,0.0059445594,0.050243378,0.01972733,0.03376684
HIV1330,0.005975833,0.06589386,0.0012350678,0.00019234323,0.029959522,0.011934066
HIV1494,0.0019153514,0.0012990026,1.9487545e-05,0.0015709173,0.0006734842,0.0004337571
HIV1286,0.009358453,0.00960376,0.011614283,0.0013871181,0.005138219,0.009527619
HIV1474,0.0011042035,0.0006121596,0.0009537247,0.0004018825,2.6712522e-05,7.573565e-05
HIV1153,8.74742e-05,0.00028193413,2.0393813e-05,4.733681e-05,7.988449e-06,3.2054002e-06
HIV1543,0.0016657155,0.001080384,0.0015965468,0.0001816429,0.0003319139,0.00062247197
HIV1020,0.013264623,0.00034258215,0.00244859,0.0043902695,-0.0015428537,0.00095670536
HIV1251,0.056583084,0.03297995,0.017544223,0.0168738,0.021378007,0.025566714
HIV1158,0.0004322859,0.00015944583,9.07994e-05,6.3742277e-06,-6.9774833e-12,-3.4802394e-11
HIV1490,0.0021950908,0.011019787,0.005267059,0.0033310142,0.0017858666,0.0013784966
HIV1137,0.021704726,0.027914602,0.02893614,0.0137400245,0.0059317783,0.030594314
HIV1328,0.05071445,0.0046373587,-0.003079434,0.0023628075,0.017105425,0.0213097
HIV1310,0.016451849,0.029785106,0.029039918,0.0026790954,0.007852837,0.018947704
HIV1297,0.028707242,0.009252102,0.0067034024,0.027550442,0.017252913,0.016088473
HIV1536,0.0054802424,0.03995856,0.03495069,0.019634103,4.5476187e-05,7.401271e-05
HIV1247,0.009358453,0.00960376,0.011614283,0.0013871181,0.005138219,0.009527619
HIV1003,0.0017014255,0.039156776,0.039823476,0.005661218,0.0190336,0.031212768
HIV1492,0.0028713855,0.011000615,0.005217321,0.0030405147,0.0020195344,0.001075435
HIV1651,0.021894818,0.06167772,0.0154564865,0.040591534,0.009767707,0.0023834168
HIV1052,0.044725332,0.022255927,0.033557627,0.02403709,0.010756292,0.038165152
HIV1633,0.030653788,0.005975431,0.030907352,0.003052685,0.00038353403,0.029576112
HIV1128,0.00042640016,0.00026684845,2.664411e-05,5.8310605e-05,9.502924e-06,2.332683e-05
HIV1080,-4.575479e-06,0.0006650382,0.00050747243,-1.5505992e-05,0.00014739484,2.866943e-05
HIV1232,0.0039448226,0.041746434,0.020528316,0.025411498,0.02188655,0.012873816
HIV1520,0.0054802424,0.03995856,0.03495069,0.019634103,4.5476187e-05,7.401271e-05
HIV1599,0.003373077,0.014015991,0.012179741,0.0045792954,0.0050715967,0.0081783775
HIV1488,0.011292639,0.00070536433,0.0061730654,0.00093763735,0.002240514,0.0005674976
HIV1655,0.02068695,0.06378893,0.041571867,0.024732145,0.0018432272,0.0061633033
HIV1228,0.0005885422,0.0022191547,0.0013683694,0.0013332068,-0.00011262974,0.000774162
HIV1522,0.003373077,0.014015991,0.012179741,0.0045792954,0.0050715967,0.0081783775
HIV1497,0.0027338855,0.0005776325,0.0007753496,0.00061013456,0.00032100052,0.0002330876
HIV1006,0.008021992,0.034143705,0.03285882,0.009448708,0.0053616744,0.0029568397
HIV1217,0.016646095,0.031888425,0.026657842,0.022647547,0.005013577,0.0023374797
HIV1135,0.003373077,0.014015991,0.012179741,0.0045792954,0.0050715967,0.0081783775
HIV1180,0.00013397935,0.0016899927,9.397177e-05,0.0007056328,1.6297256e-05,2.8375882e-05
HIV1248,0.011870282,0.0062325397,0.00017739036,0.011636882,0.004112378,0.00997563
HIV1235,0.008313379,0.072406925,0.004858247,-0.0124926185,0.0087729925,0.028372042
HIV1138,0.034652904,0.004934522,0.024803,0.019729616,0.0324754,0.011110024
HIV1050,0.04069107,0.012408555,0.011814339,0.00034687362,0.0018768971,0.0002817305
HIV1446,0.0133219035,0.0009432429,0.0013348334,0.011621655,0.01062035,0.0019435222
HIV1501,0.0004991716,0.0074269953,-3.9680297e-05,0.004112988,0.0057542226,0.0026955998
HIV1378,0.035622682,0.014406375,0.0026216798,0.0060636275,-0.0007318796,-0.00044701528
HIV1379,-0.001108474,0.04405426,0.035776865,0.018429125,0.019106392,0.016000474
HIV1643,0.028391507,0.036475796,0.035789303,-0.0020865635,0.008978935,0.024195332
HIV1273,0.0039448226,0.041746434,0.020528316,0.025411498,0.02188655,0.012873816
HIV1415,0.00090232847,0.0014057375,0.0002650122,0.00063430966,7.321981e-06,1.2880179e-05
HIV1238,0.036401313,0.03362137,0.020183276,0.043044202,0.009341649,0.036674324
HIV1025,0.026419895,0.0095635485,0.0033097477,0.0025885142,0.013353979,0.008384003
HIV1642,0.038257636,0.0032593252,0.03734764,0.005156736,0.031452276,0.018992996
HIV1254,0.009024572,0.05450918,0.031313106,0.031136302,0.044107176,9.97133e-05
HIV1145,0.03429363,0.05919157,0.0005387527,-0.0004497705,-0.0051461104,-0.018402407
HIV1403,0.00016492046,0.00035599864,5.427501e-05,2.2051787e-05,6.438699e-06,8.91803e-06
HIV1119,0.000114104994,0.00032387636,5.0781277e-05,2.956006e-05,8.798513e-06,5.797892e-06
HIV1480,0.044646032,0.052834608,0.0012744158,0.0016149466,0.007560402,0.04521322
HIV1612,0.026121108,0.034716833,0.039889175,0.010545788,0.036700647,0.014924759
HIV1005,0.004812069,0.07177947,-0.0152456425,-0.0008894856,0.0090066,0.012572261
HIV1419,0.008959725,0.039325234,0.0007588795,0.040082574,6.2003404e-05,3.6368878e-05
HIV1561,0.0054802424,0.03995856,0.03495069,0.019634103,4.5476187e-05,7.401271e-05
HIV1509,0.0035744421,0.0009984312,0.0013174098,0.0024919927,0.00036599892,1.5293785e-05
HIV1473,0.0010224738,0.0009350605,0.0009533728,0.000448974,7.0545946e-05,0.0003261141
HIV1373,0.00025733086,9.5779535e-05,4.6958492e-05,6.418587e-05,2.452337e-06,7.5299026e-06
HIV1198,0.00053798605,0.0012318367,8.9500376e-05,-1.4547453e-06,0.000101290054,0.0001809878
HIV1177,0.0009479486,0.00070840743,0.00011208257,0.0006859762,2.6403568e-06,1.6007709e-05
HIV1441,0.030061286,0.0069210883,0.027494095,0.013118727,0.02087655,0.012860106
HIV1624,0.043220825,0.01873799,0.03057022,0.04907551,0.03762331,0.010898183
HIV1510,0.0053986073,0.0076522506,0.005099318,0.0062700673,0.00061007834,0.00022864639
HIV1513,0.025260836,0.0075118346,0.009376494,0.019355347,0.0003383937,0.0007390393
HIV1448,0.0014587677,0.0034763028,0.0022880598,0.0010790628,0.0021454147,0.00045415584
HIV1042,0.008481891,0.04041414,0.024718104,0.0321935,0.027835745,0.019469794
HIV1671,0.001223816,0.0010893735,0.00054596807,0.00046444318,3.182585e-05,1.9966212e-05
HIV1223,0.0008793505,0.0014487418,0.00051874167,0.00047683716,1.4705214e-05,2.9391142e-06
HIV1256,0.05071445,0.0046373587,-0.003079434,0.0023628075,0.017105425,0.0213097
HIV1156,0.00038018794,0.00030196967,-6.597092e-06,9.4537805e-05,4.1540067e-11,2.973057e-11
HIV1345,0.0012511512,0.047109332,0.046914093,0.004003877,0.03401075,0.032453578
HIV1060,0.0005181721,0.00033069993,0.000119563876,3.4113353e-05,4.5127876e-05,0.000108145716
HIV1518,0.0859494,0.0047983695,0.00808888,0.009594128,0.034062684,0.0038469916
HIV1342,0.003044177,0.00102258,0.0009930837,0.0027792791,0.0013404902,0.00071664905
HIV1426,0.02160084,0.037964914,0.029900515,0.0125011075,0.01692816,0.018974714
HIV1639,0.029241892,0.037065286,0.0077583776,0.047175307,0.041004676,0.023204293
HIV1603,0.0016657155,0.001080384,0.0015965468,0.0001816429,0.0003319139,0.00062247197
HIV1592,0.0016583871,0.0012137169,0.001243938,0.0007495869,0.00047070847,0.00035417345
HIV1281,-0.00018770882,0.0014036734,0.0005771107,0.00080694794,2.234159e-05,0.0001105539
HIV1670,0.000901936,0.0013307572,0.00045808783,0.000101204714,0.0002668785,0.00027625624
HIV1609,0.010374349,0.06683909,-0.00064850465,-0.002432573,-0.01290637,-0.0077191163
HIV1664,-5.5524466e-05,0.0071830302,0.0037934638,0.00085647404,0.00092977926,0.0038588399
HIV1023,0.05219576,0.019176383,0.024559705,0.037970822,0.030597974,0.010164635
HIV1632,0.0037400525,0.07553468,0.028280467,0.050666336,-0.0032200709,-0.008448095
HIV1598,0.004478132,0.0018353985,0.0040459125,-0.00016292473,0.0004639892,0.0012570337
HIV1500,0.003044177,0.00102258,0.0009930837,0.0027792791,0.0013404902,0.00071664905
HIV1371,0.0010679319,0.0013390026,0.0006216198,0.00035493422,1.5686259e-05,3.5150257e-05
HIV1174,0.0002880492,0.0009826707,0.0007095907,6.869857e-05,3.2206271e-06,4.248505e-06
HIV1569,0.016713561,0.044450752,0.04759041,0.012468354,0.021093208,0.03928776
HIV1402,0.00027252373,0.00017904906,5.7570072e-05,1.6643442e-05,1.1584046e-05,3.945757e-06
HIV1244,0.0045638257,0.0018032704,0.0037323302,0.0015549998,0.0012867206,0.00045351134
HIV1148,0.0009952392,0.0050474713,0.00017579156,-0.0001967735,-0.00036894804,-1.1372612e-05
HIV1486,0.01024696,0.0012696101,0.0031758093,0.0066976706,0.0019877094,0.0011998632
HIV1076,0.0017215197,0.010164516,0.00021686415,0.00096298533,0.0025734487,0.00055896747
HIV1170,9.080123e-05,0.0016589367,0.00028398636,0.0013721442,0.00044739168,6.414481e-05
HIV1600,0.001223816,0.0010893735,0.00054596807,0.00046444318,3.182585e-05,1.9966212e-05
HIV1450,0.0014153518,0.0004304243,0.0008658123,0.00016881806,-0.00016663528,0.00020550123
HIV1638,0.014759695,0.018004859,0.013858793,0.017356614,0.0149590215,0.0024290043
HIV1491,0.0050070602,0.0101886485,0.0054975925,0.0025504003,0.0022772714,-4.948551e-05
HIV1438,0.020671254,0.039338958,0.002975369,0.009316736,0.02366251,0.0070824428
HIV1139,0.029188978,0.024122309,0.034921236,0.012275224,0.02458068,0.014730242
HIV1161,0.0026722066,6.277851e-05,0.0019293687,0.00030144115,0.001024639,0.00024077501
HIV1484,0.02695935,0.019853326,0.015353524,0.027954215,0.003062898,0.0076940665
HIV1527,0.016528161,0.050454877,-2.5599822e-05,0.0004107322,0.027194845,0.0084424075
HIV1440,0.024973087,0.009847645,0.0016591736,0.02549339,0.022493422,0.005594443
HIV1321,0.009358453,0.00960376,0.011614283,0.0013871181,0.005138219,0.009527619
HIV1107,0.014852257,0.029318899,0.006530562,0.0057205106,0.00073569483,0.011479473
HIV1301,0.0027525357,0.0004471057,0.0017196502,0.0010980819,0.0008990705,0.0006518249
HIV1449,0.00078622,0.0037030065,0.0025262334,0.00012699468,0.0021306605,0.0005645878
HIV1229,0.0018804373,0.00010820911,0.0012318381,0.00027384018,2.2614155e-05,0.000119587625
HIV1562,0.003373077,0.014015991,0.012179741,0.0045792954,0.0050715967,0.0081783775
HIV1525,0.016528161,0.050454877,-2.5599822e-05,0.0004107322,0.027194845,0.0084424075
HIV1121,0.00027252373,0.00017904906,5.7570072e-05,1.6643442e-05,1.1584046e-05,3.945757e-06
HIV1319,0.038451802,0.04894333,0.007053872,0.061220534,0.05689489,0.009101113
HIV1218,0.004478132,0.0018353985,0.0040459125,-0.00016292473,0.0004639892,0.0012570337
HIV1260,0.020084364,0.02031547,0.02348925,0.010492365,-0.0003064665,0.021873228
HIV1074,0.0017215197,0.010164516,0.00021686415,0.00096298533,0.0025734487,0.00055896747
HIV1222,-1.0557744e-06,0.0006416777,0.00010942562,0.00032538926,5.120425e-05,9.6799406e-05
HIV1132,0.00591738,0.0010597982,0.00073174824,0.005280158,0.0014041044,0.0021543787
HIV1253,0.049021725,0.014777425,0.00011042973,0.0019750218,0.011657056,0.010653225
HIV1220,0.0004094695,0.0018249991,0.0016092288,6.120497e-06,0.0012443427,-6.187548e-05
HIV1055,0.007507659,0.017148126,0.01583043,-0.00032714335,0.0067566293,0.012401919
HIV1635,0.088593654,0.026384944,0.02482986,0.0042614457,0.0077720415,0.00286255
HIV1115,-1.0557744e-06,0.0006416777,0.00010942562,0.00032538926,5.120425e-05,9.6799406e-05
HIV1439,0.036495153,0.02332446,0.015374982,0.02134269,0.022300174,0.018348329
HIV1668,0.04890924,0.0015695154,0.015541213,0.04031633,0.012791881,0.0010004144
HIV1453,0.056367394,-0.0033784884,0.0054630646,0.00082297646,0.012826741,0.025561145
HIV1300,0.028707242,0.009252102,0.0067034024,0.027550442,0.017252913,0.016088473
HIV1314,0.03605228,0.03465625,0.010252629,0.045967724,0.039069936,0.001149774
HIV1381,0.040921733,0.026681254,0.03973775,0.017201321,0.0014108951,0.012220304
HIV1072,0.020136943,0.0001759033,0.0012030767,0.00017377482,0.0013448348,0.0023140428
HIV1309,0.0039448226,0.041746434,0.020528316,0.025411498,0.02188655,0.012873816
HIV1268,0.0015340756,0.00076573505,0.0007151182,-1.5165299e-06,1.6377055e-05,3.191955e-05
HIV1526,0.016528161,0.050454877,-2.5599822e-05,0.0004107322,0.027194845,0.0084424075
HIV1610,0.016528161,0.050454877,-2.5599822e-05,0.0004107322,0.027194845,0.0084424075
HIV1476,0.0011178708,0.0007405769,0.0007347099,0.00086979865,5.4091917e-05,-2.7638946e-06
HIV1215,0.04069107,0.012408555,0.011814339,0.00034687362,0.0018768971,0.0002817305
HIV1422,0.0010224738,0.0009350605,0.0009533728,0.000448974,7.0545946e-05,0.0003261141
HIV1233,0.016451849,0.029785106,0.029039918,0.0026790954,0.007852837,0.018947704
HIV1325,0.049021725,0.014777425,0.00011042973,0.0019750218,0.011657056,0.010653225
HIV1061,0.0019510479,0.0009712384,0.0012767882,0.0008631805,-2.838519e-10,-4.1073924e-12
HIV1144,0.005083883,0.0032261652,0.00028855813,0.00020312871,0.00018962167,0.0021015957
HIV1193,0.009322609,0.03497825,0.013955865,0.013719028,0.0016446757,0.005446833
HIV1283,0.0045638257,0.0018032704,0.0037323302,0.0015549998,0.0012867206,0.00045351134
HIV1242,-0.00018770882,0.0014036734,0.0005771107,0.00080694794,2.234159e-05,0.0001105539
HIV1099,0.02548712,0.00956603,0.0020938304,0.016999582,0.0013403152,3.9758314e-05
HIV1259,0.0076824194,0.014209465,0.0016514042,-0.0009549312,0.009109154,0.0018615364
HIV1316,0.025724502,0.04947772,0.017981565,0.0018421535,0.023085922,0.022764372
HIV1653,0.0024935156,0.0034466744,0.0014586499,0.0022537976,0.00145647,0.00014368568
HIV1053,0.07867768,0.0034001793,0.034229014,0.026010735,-0.0010848125,0.0013705491
HIV1290,0.056583084,0.03297995,0.017544223,0.0168738,0.021378007,0.025566714
HIV1009,0.022560084,0.013863629,0.008193711,0.013313434,0.0103823505,0.006436386
HIV1335,0.0014192619,0.00016224662,0.0007102486,0.00065182464,4.621424e-05,0.00014392102
HIV1344,0.04937143,0.016760208,0.01600311,0.024001526,0.031348966,0.009256923
HIV1420,0.0054802424,0.03995856,0.03495069,0.019634103,4.5476187e-05,7.401271e-05
HIV1295,0.018854048,0.0125940535,0.008468383,0.019578554,0.011871344,0.010430758
HIV1181,0.001223816,0.0010893735,0.00054596807,0.00046444318,3.182585e-05,1.9966212e-05
HIV1305,0.0010679319,0.0013390026,0.0006216198,0.00035493422,1.5686259e-05,3.5150257e-05
HIV1604,0.003373077,0.014015991,0.012179741,0.0045792954,0.0050715967,0.0081783775
HIV1125,0.014135586,0.032321855,0.012646081,0.032909073,1.0758572e-05,1.9053095e-05
HIV1434,0.035145693,0.01866785,0.00419038,0.012860618,0.0017642453,0.01254583
HIV1535,0.0054802424,0.03995856,0.03495069,0.019634103,4.5476187e-05,7.401271e-05
HIV1209,0.016508322,0.047687974,-0.0028073904,0.0042943046,0.027484572,0.0070057525
HIV1028,0.013264623,0.00034258215,0.00244859,0.0043902695,-0.0015428537,0.00095670536
HIV1524,0.016528161,0.050454877,-2.5599822e-05,0.0004107322,0.027194845,0.0084424075
HIV1358,0.009024572,0.05450918,0.031313106,0.031136302,0.044107176,9.97133e-05
HIV1431,0.016195495,0.004322701,4.8992856e-06,0.0013967963,-1.7306347e-05,-0.00038469877
HIV1416,0.0008793505,0.0014487418,0.00051874167,0.00047683716,1.4705214e-05,2.9391142e-06
HIV1333,0.028707242,0.009252102,0.0067034024,0.027550442,0.017252913,0.016088473
HIV1315,0.04937143,0.016760208,0.01600311,0.024001526,0.031348966,0.009256923
HIV1517,0.014283833,0.08539743,0.0010776403,0.011620731,0.0021828157,0.03312907
HIV1343,0.00025733086,9.5779535e-05,4.6958492e-05,6.418587e-05,2.452337e-06,7.5299026e-06
HIV1165,0.01937337,0.002224789,0.008418485,0.012129542,0.008421661,0.001815937
HIV1376,0.045985475,0.03951562,0.030316953,0.019612033,0.0041058855,0.005343265
HIV1482,0.040019345,0.0038104253,0.028155675,0.028213117,0.0005170926,0.00025340327
HIV1414,-1.0557744e-06,0.0006416777,0.00010942562,0.00032538926,5.120425e-05,9.6799406e-05
HIV1427,0.016451849,0.029785106,0.029039918,0.0026790954,0.007852837,0.018947704
HIV1365,0.0014192619,0.00016224662,0.0007102486,0.00065182464,4.621424e-05,0.00014392102
HIV1424,0.0659677,0.0051582614,-0.009240224,-0.005058442,0.01984536,0.0042227977
HIV1091,0.04141224,0.016928751,0.041776683,0.0032952665,0.030307483,0.028623076
HIV1601,0.0054802424,0.03995856,0.03495069,0.019634103,4.5476187e-05,7.401271e-05
HIV1090,0.037942372,0.02833032,0.0009952447,-0.00065321004,0.012236117,0.012651877
HIV1489,0.011287955,0.00069853605,0.00093764154,0.006174331,0.002237464,0.0005663111
HIV1059,0.005477655,0.0054201274,0.00042498918,0.0003182374,0.0027645554,0.0037000277
HIV1255,0.0002486273,0.0008089536,8.772159e-05,7.82684e-05,2.0549945e-05,1.809839e-05
HIV1656,0.05736677,0.007528093,0.00033470706,0.04339731,0.0022201107,0.036107194
HIV1108,0.026804756,0.025012026,0.026770566,0.024760498,0.031079177,0.0044188546
HIV1339,0.0027892026,0.020016791,0.0036979162,0.014847874,0.0005811123,0.008839468
HIV1401,0.00027479324,0.00018569484,4.5289133e-05,3.5668214e-05,7.3658907e-06,8.603408e-06
HIV1189,0.008959725,0.039325234,0.0007588795,0.040082574,6.2003404e-05,3.6368878e-05
HIV1173,0.00083592697,0.000418358,0.00026394406,0.00059655175,0.00036960782,0.0001523431
HIV1641,0.01022346,0.010384641,0.008044576,0.0066806944,0.0069091986,0.0028135886
HIV1298,0.020084364,0.02031547,0.02348925,0.010492365,-0.0003064665,0.021873228
HIV1236,0.005330826,0.06983593,0.045823872,0.003621015,0.017304143,0.010704688
HIV1246,0.019573301,0.021763962,0.026742326,0.0019467351,0.0213159,0.006658512
HIV1187,0.009143318,0.03122461,0.017554166,0.018202746,0.0028413115,0.022012243
HIV1110,0.06524028,0.055293817,0.005137139,0.0138869565,-0.0013575814,-0.0015310212
HIV1352,0.011870282,0.0062325397,0.00017739036,0.011636882,0.004112378,0.00997563
HIV1141,0.00032010613,0.0010241244,0.0007680832,9.9266486e-05,0.00038546,4.8117574e-05
HIV1224,0.001223816,0.0010893735,0.00054596807,0.00046444318,3.182585e-05,1.9966212e-05
HIV1292,0.049021725,0.014777425,0.00011042973,0.0019750218,0.011657056,0.010653225
HIV1263,0.0014192619,0.00016224662,0.0007102486,0.00065182464,4.621424e-05,0.00014392102
HIV1122,0.00016492046,0.00035599864,5.427501e-05,2.2051787e-05,6.438699e-06,8.91803e-06
HIV1348,0.0045638257,0.0018032704,0.0037323302,0.0015549998,0.0012867206,0.00045351134
HIV1499,0.00092659873,0.0020740365,0.00067743566,0.0016018092,0.0006717242,0.00018886825
HIV1640,0.04454733,0.008299521,0.044901866,0.006020179,0.044584725,0.010468391
HIV1529,0.027394366,0.05891163,0.008612002,0.053472403,0.0022108466,0.002523483
HIV1399,0.039189856,0.024999661,0.03848023,0.039596703,0.04332108,0.017452123
HIV1602,0.01854989,0.018516723,-0.00041324337,-0.00043564386,0.007678558,0.006137447
HIV1188,0.029015142,0.027795218,0.03517576,0.018762287,7.242204e-05,0.00029623436
HIV1356,0.024699064,0.050729826,-0.00030142794,0.005512654,0.0035758156,0.028345577
HIV1503,0.00010504768,0.0018317017,0.00019534392,0.00093157036,0.00042939238,0.0010155719
HIV1171,0.0059095193,0.008209969,0.0032585387,0.00030669553,-0.00034523575,0.0007540951
HIV1512,0.025973827,0.004262844,0.016379943,0.013890778,9.1315815e-05,0.0007321555
HIV1567,0.04188621,0.015981203,0.04527922,0.004227963,0.033978593,0.025486922
HIV1113,0.04845573,0.034353707,0.0006586775,0.0061676693,0.012893837,0.019414794
HIV1608,0.052441675,0.03134491,0.03241099,0.025069179,0.008837559,0.006554127
HIV1322,0.011870282,0.0062325397,0.00017739036,0.011636882,0.004112378,0.00997563
HIV1024,0.009381943,0.029159585,0.020837754,0.020787923,0.0039929682,0.0029177137
HIV1274,0.016451849,0.029785106,0.029039918,0.0026790954,0.007852837,0.018947704
HIV1004,0.0102189835,0.0065534725,0.010989212,0.0029196711,0.008308062,0.006073116
HIV1192,0.0037246794,0.051062174,-0.0015990621,0.0071003856,0.0026217864,0.0041229124
HIV1437,0.01817388,0.03482486,0.0025400505,0.008117474,0.015233016,0.014502996
HIV1172,0.0026658976,0.0020707115,0.00071469747,0.0021042516,0.00024635968,0.00039225433
HIV1483,0.031561725,0.027258,0.0061596055,-0.0051164753,0.0026215,-0.0001355103
HIV1594,0.009143318,0.03122461,0.017554166,0.018202746,0.0028413115,0.022012243
HIV1478,0.0028604167,-0.000431388,0.00088239886,0.0018683168,0.00025411483,0.0005714453
HIV1349,0.005123058,0.022396525,0.022352006,0.0025521067,0.022272358,0.0010721445
