U47298117,0.0,0.0,0.0,0.0,0.0,0.0
NM_0033424,0.0,0.0,0.0,0.0,0.0,0.0
NM_00545039,0.0,0.0,0.0,0.0,0.0,0.0
U472983,0.0,0.0,0.0,0.0,0.0,0.0
U47298100,0.0,0.0,0.0,0.0,0.0,0.0
mrna-NM_003344_56,0.0,0.0,0.0,0.0,0.0,0.0
mrna-NM_003340_24,0.0,0.0,0.0,0.0,0.0,0.0
NM_00255982,0.0,0.0,0.0,0.0,0.0,0.0
XM_371822_127,0.0,0.0,0.0,0.0,0.0,0.0
U4729858,0.0,0.0,0.0,0.0,0.0,0.0
XM_371822_13,0.0,0.0,0.0,0.0,0.0,0.0
NM_00334243,0.0,0.0,0.0,0.0,0.0,0.0
mrna-BD135193_63,0.0,0.0,0.0,0.0,0.0,0.0
NM_00334846,0.0,0.0,0.0,0.0,0.0,0.0
U4729873,0.0,0.0,0.0,0.0,0.0,0.0
XM_371822_7,0.0,0.0,0.0,0.0,0.0,0.0
NM_003345_26,0.0,0.0,0.0,0.0,0.0,0.0
mrna-BD135193_20,0.0,0.0,0.0,0.0,0.0,0.0
NM_014501_14,0.0,0.0,0.0,0.0,0.0,0.0
NM_003347_9,0.0,0.0,0.0,0.0,0.0,0.0
NM_00100148127,0.0,0.0,0.0,0.0,0.0,0.0
AH00149816,0.0,0.0,0.0,0.0,0.0,0.0
NM_00255969,0.0,0.0,0.0,0.0,0.0,0.0
NM_00255948,0.0,0.0,0.0,0.0,0.0,0.0
NM_0063574,0.0,0.0,0.0,0.0,0.0,0.0
NM_004223_60,0.0,0.0,0.0,0.0,0.0,0.0
NM_01417677,0.0,0.0,0.0,0.0,0.0,0.0
NM_016406_19,0.0,0.0,0.0,0.0,0.0,0.0
NM_00334847,0.0,0.0,0.0,0.0,0.0,0.0
NM_003345_45,0.0,0.0,0.0,0.0,0.0,0.0
NM_003347_2,0.0,0.0,0.0,0.0,0.0,0.0
NM_016406_35,0.0,0.0,0.0,0.0,0.0,0.0
mrna-NM_003344_11,0.0,0.0,0.0,0.0,0.0,0.0
NM_016406_38,0.0,0.0,0.0,0.0,0.0,0.0
NM_00334267,0.0,0.0,0.0,0.0,0.0,0.0
XM_371822_37,0.0,0.0,0.0,0.0,0.0,0.0
NM_01417675,0.0,0.0,0.0,0.0,0.0,0.0
NM_00635729,0.0,0.0,0.0,0.0,0.0,0.0
NM_0141762,0.0,0.0,0.0,0.0,0.0,0.0
NM_00100148165,0.0,0.0,0.0,0.0,0.0,0.0
XM_371822_109,0.0,0.0,0.0,0.0,0.0,0.0
NM_003345_10,0.0,0.0,0.0,0.0,0.0,0.0
NM_01602114,0.0,0.0,0.0,0.0,0.0,0.0
NM_00545030,0.0,0.0,0.0,0.0,0.0,0.0
U472968,0.0,0.0,0.0,0.0,0.0,0.0
NM_004223_41,0.0,0.0,0.0,0.0,0.0,0.0
NM_0063571,0.0,0.0,0.0,0.0,0.0,0.0
NM_00255910,0.0,0.0,0.0,0.0,0.0,0.0
mrna-NM_003337_69,0.0,0.0,0.0,0.0,0.0,0.0
XM_371822_89,0.0,0.0,0.0,0.0,0.0,0.0
NM_0070198,0.0,0.0,0.0,0.0,0.0,0.0
NM_00701949,0.0,0.0,0.0,0.0,0.0,0.0
XM_371822_63,0.0,0.0,0.0,0.0,0.0,0.0
NM_01602137,0.0,0.0,0.0,0.0,0.0,0.0
mrna-BD135193_34,0.0,0.0,0.0,0.0,0.0,0.0
mrna-NM_003337_35,0.0,0.0,0.0,0.0,0.0,0.0
NM_00701919,0.0,0.0,0.0,0.0,0.0,0.0
NM_00635731,0.0,0.0,0.0,0.0,0.0,0.0
NM_01417630,0.0,0.0,0.0,0.0,0.0,0.0
U4729829,0.0,0.0,0.0,0.0,0.0,0.0
XM_371822_55,0.0,0.0,0.0,0.0,0.0,0.0
NM_003345_6,0.0,0.0,0.0,0.0,0.0,0.0
XM_371822_104,0.0,0.0,0.0,0.0,0.0,0.0
mrna-BD135193_65,0.0,0.0,0.0,0.0,0.0,0.0
U472967,0.0,0.0,0.0,0.0,0.0,0.0
NM_00334869,0.0,0.0,0.0,0.0,0.0,0.0
NM_00545057,0.0,0.0,0.0,0.0,0.0,0.0
NM_00701927,0.0,0.0,0.0,0.0,0.0,0.0
NM_00255943,0.0,0.0,0.0,0.0,0.0,0.0
NM_00701945,0.0,0.0,0.0,0.0,0.0,0.0
mrna-NM_003344_42,0.0,0.0,0.0,0.0,0.0,0.0
NM_00701933,0.0,0.0,0.0,0.0,0.0,0.0
XM_371822_79,0.0,0.0,0.0,0.0,0.0,0.0
NM_016406_12,0.0,0.0,0.0,0.0,0.0,0.0
U4729815,0.0,0.0,0.0,0.0,0.0,0.0
NM_00635739,0.0,0.0,0.0,0.0,0.0,0.0
NM_01602134,0.0,0.0,0.0,0.0,0.0,0.0
NM_014501_61,0.0,0.0,0.0,0.0,0.0,0.0
NM_00635720,0.0,0.0,0.0,0.0,0.0,0.0
AH00149839,0.0,0.0,0.0,0.0,0.0,0.0
NM_01417618,0.0,0.0,0.0,0.0,0.0,0.0
NM_01417616,0.0,0.0,0.0,0.0,0.0,0.0
NM_003347_46,0.0,0.0,0.0,0.0,0.0,0.0
NM_01417628,0.0,0.0,0.0,0.0,0.0,0.0
NM_00334220,0.0,0.0,0.0,0.0,0.0,0.0
NM_0063572,0.0,0.0,0.0,0.0,0.0,0.0
mrna-NM_003340_2,0.0,0.0,0.0,0.0,0.0,0.0
NM_00100148137,0.0,0.0,0.0,0.0,0.0,0.0
mrna-NM_003344_34,0.0,0.0,0.0,0.0,0.0,0.0
NM_00545018,0.0,0.0,0.0,0.0,0.0,0.0
NM_00100148152,0.0,0.0,0.0,0.0,0.0,0.0
NM_014501_44,0.0,0.0,0.0,0.0,0.0,0.0
mrna-NM_003340_28,0.0,0.0,0.0,0.0,0.0,0.0
NM_015213_73,0.0,0.0,0.0,0.0,0.0,0.0
NM_00334856,0.0,0.0,0.0,0.0,0.0,0.0
mrna-BD135193_1,0.0,0.0,0.0,0.0,0.0,0.0
mrna-BD135193_66,0.0,0.0,0.0,0.0,0.0,0.0
mrna-NM_003344_63,0.0,0.0,0.0,0.0,0.0,0.0
NM_00255951,0.0,0.0,0.0,0.0,0.0,0.0
NM_01602110,0.0,0.0,0.0,0.0,0.0,0.0
mrna-NM_003337_46,0.0,0.0,0.0,0.0,0.0,0.0
NM_003347_52,0.0,0.0,0.0,0.0,0.0,0.0
XM_371822_22,0.0,0.0,0.0,0.0,0.0,0.0
mrna-BD135193_46,0.0,0.0,0.0,0.0,0.0,0.0
XM_371822_46,0.0,0.0,0.0,0.0,0.0,0.0
NM_00100148167,0.0,0.0,0.0,0.0,0.0,0.0
XM_371822_61,0.0,0.0,0.0,0.0,0.0,0.0
NM_016406_41,0.0,0.0,0.0,0.0,0.0,0.0
NM_0010014816,0.0,0.0,0.0,0.0,0.0,0.0
NM_016406_20,0.0,0.0,0.0,0.0,0.0,0.0
NM_00334237,0.0,0.0,0.0,0.0,0.0,0.0
mrna-NM_004359_34,0.0,0.0,0.0,0.0,0.0,0.0
U472965,0.0,0.0,0.0,0.0,0.0,0.0
NM_015213_100,0.0,0.0,0.0,0.0,0.0,0.0
U4729846,0.0,0.0,0.0,0.0,0.0,0.0
NM_015213_99,0.0,0.0,0.0,0.0,0.0,0.0
NM_00701911,0.0,0.0,0.0,0.0,0.0,0.0
NM_00204614,0.0,0.0,0.0,0.0,0.0,0.0
NM_00545069,0.0,0.0,0.0,0.0,0.0,0.0
NM_004223_44,0.0,0.0,0.0,0.0,0.0,0.0
NM_015213_37,0.0,0.0,0.0,0.0,0.0,0.0
NM_00545016,0.0,0.0,0.0,0.0,0.0,0.0
mrna-BD135193_5,0.0,0.0,0.0,0.0,0.0,0.0
NM_004223_9,0.0,0.0,0.0,0.0,0.0,0.0
NM_0063575,0.0,0.0,0.0,0.0,0.0,0.0
NM_00334874,0.0,0.0,0.0,0.0,0.0,0.0
NM_003347_37,0.0,0.0,0.0,0.0,0.0,0.0
NM_015213_121,0.0,0.0,0.0,0.0,0.0,0.0
XM_371822_44,0.0,0.0,0.0,0.0,0.0,0.0
NM_015213_82,0.0,0.0,0.0,0.0,0.0,0.0
NM_00334232,0.0,0.0,0.0,0.0,0.0,0.0
NM_014501_5,0.0,0.0,0.0,0.0,0.0,0.0
NM_004223_18,0.0,0.0,0.0,0.0,0.0,0.0
NM_01602149,0.0,0.0,0.0,0.0,0.0,0.0
NM_016406_57,0.0,0.0,0.0,0.0,0.0,0.0
U4729860,0.0,0.0,0.0,0.0,0.0,0.0
NM_0160212,0.0,0.0,0.0,0.0,0.0,0.0
NM_003345_5,0.0,0.0,0.0,0.0,0.0,0.0
NM_015213_63,0.0,0.0,0.0,0.0,0.0,0.0
mrna-NM_003340_51,0.0,0.0,0.0,0.0,0.0,0.0
NM_00334277,0.0,0.0,0.0,0.0,0.0,0.0
NM_00334871,0.0,0.0,0.0,0.0,0.0,0.0
NM_004223_58,0.0,0.0,0.0,0.0,0.0,0.0
NM_0063579,0.0,0.0,0.0,0.0,0.0,0.0
XM_371822_138,0.0,0.0,0.0,0.0,0.0,0.0
NM_01417624,0.0,0.0,0.0,0.0,0.0,0.0
NM_00635768,0.0,0.0,0.0,0.0,0.0,0.0
NM_00100148139,0.0,0.0,0.0,0.0,0.0,0.0
XM_371822_94,0.0,0.0,0.0,0.0,0.0,0.0
NM_003345_51,0.0,0.0,0.0,0.0,0.0,0.0
NM_004223_52,0.0,0.0,0.0,0.0,0.0,0.0
NM_015213_77,0.0,0.0,0.0,0.0,0.0,0.0
mrna-NM_003344_14,0.0,0.0,0.0,0.0,0.0,0.0
mrna-BD135193_51,0.0,0.0,0.0,0.0,0.0,0.0
NM_00334811,0.0,0.0,0.0,0.0,0.0,0.0
NM_004223_7,0.0,0.0,0.0,0.0,0.0,0.0
U4729841,0.0,0.0,0.0,0.0,0.0,0.0
NM_014501_41,0.0,0.0,0.0,0.0,0.0,0.0
mrna-NM_003337_68,0.0,0.0,0.0,0.0,0.0,0.0
NM_00334233,0.0,0.0,0.0,0.0,0.0,0.0
NM_015213_15,0.0,0.0,0.0,0.0,0.0,0.0
NM_01417625,0.0,0.0,0.0,0.0,0.0,0.0
NM_0070194,0.0,0.0,0.0,0.0,0.0,0.0
NM_014501_63,0.0,0.0,0.0,0.0,0.0,0.0
mrna-BD135193_59,0.0,0.0,0.0,0.0,0.0,0.0
NM_016406_50,0.0,0.0,0.0,0.0,0.0,0.0
mrna-NM_004359_26,0.0,0.0,0.0,0.0,0.0,0.0
NM_003345_52,0.0,0.0,0.0,0.0,0.0,0.0
mrna-BD135193_14,0.0,0.0,0.0,0.0,0.0,0.0
NM_00204615,0.0,0.0,0.0,0.0,0.0,0.0
NM_016406_17,0.0,0.0,0.0,0.0,0.0,0.0
NM_00701924,0.0,0.0,0.0,0.0,0.0,0.0
NM_0160218,0.0,0.0,0.0,0.0,0.0,0.0
NM_00334842,0.0,0.0,0.0,0.0,0.0,0.0
mrna-NM_004359_22,0.0,0.0,0.0,0.0,0.0,0.0
NM_00204616,0.0,0.0,0.0,0.0,0.0,0.0
mrna-BD135193_8,0.0,0.0,0.0,0.0,0.0,0.0
NM_014501_59,0.0,0.0,0.0,0.0,0.0,0.0
NM_015213_31,0.0,0.0,0.0,0.0,0.0,0.0
NM_00635727,0.0,0.0,0.0,0.0,0.0,0.0
mrna-BD135193_16,0.0,0.0,0.0,0.0,0.0,0.0
mrna-NM_003344_35,0.0,0.0,0.0,0.0,0.0,0.0
mrna-NM_004359_52,0.0,0.0,0.0,0.0,0.0,0.0
mrna-NM_003344_47,0.0,0.0,0.0,0.0,0.0,0.0
XM_371822_128,0.0,0.0,0.0,0.0,0.0,0.0
XM_371822_84,0.0,0.0,0.0,0.0,0.0,0.0
X759321,0.0,0.0,0.0,0.0,0.0,0.0
NM_00334834,0.0,0.0,0.0,0.0,0.0,0.0
XM_371822_67,0.0,0.0,0.0,0.0,0.0,0.0
U4729837,0.0,0.0,0.0,0.0,0.0,0.0
J30312_22,0.0,0.0,0.0,0.0,0.0,0.0
U472984,0.0,0.0,0.0,0.0,0.0,0.0
XM_371822_114,0.0,0.0,0.0,0.0,0.0,0.0
NM_003347_13,0.0,0.0,0.0,0.0,0.0,0.0
NM_015213_118,0.0,0.0,0.0,0.0,0.0,0.0
mrna-BD135193_64,0.0,0.0,0.0,0.0,0.0,0.0
mrna-NM_004359_51,0.0,0.0,0.0,0.0,0.0,0.0
NM_00701961,0.0,0.0,0.0,0.0,0.0,0.0
NM_0010014817,0.0,0.0,0.0,0.0,0.0,0.0
U47298114,0.0,0.0,0.0,0.0,0.0,0.0
XM_371822_145,0.0,0.0,0.0,0.0,0.0,0.0
NM_01417676,0.0,0.0,0.0,0.0,0.0,0.0
NM_00334848,0.0,0.0,0.0,0.0,0.0,0.0
NM_00100148115,0.0,0.0,0.0,0.0,0.0,0.0
mrna-NM_004359_41,0.0,0.0,0.0,0.0,0.0,0.0
NM_00334222,0.0,0.0,0.0,0.0,0.0,0.0
NM_00255935,0.0,0.0,0.0,0.0,0.0,0.0
J30312_29,0.0,0.0,0.0,0.0,0.0,0.0
NM_016406_2,0.0,0.0,0.0,0.0,0.0,0.0
NM_00545032,0.0,0.0,0.0,0.0,0.0,0.0
NM_00255988,0.0,0.0,0.0,0.0,0.0,0.0
NM_016406_27,0.0,0.0,0.0,0.0,0.0,0.0
mrna-NM_003340_48,0.0,0.0,0.0,0.0,0.0,0.0
NM_015213_30,0.0,0.0,0.0,0.0,0.0,0.0
mrna-BD135193_42,0.0,0.0,0.0,0.0,0.0,0.0
NM_00100148142,0.0,0.0,0.0,0.0,0.0,0.0
NM_00545026,0.0,0.0,0.0,0.0,0.0,0.0
NM_00334273,0.0,0.0,0.0,0.0,0.0,0.0
NM_0025592,0.0,0.0,0.0,0.0,0.0,0.0
NM_016406_46,0.0,0.0,0.0,0.0,0.0,0.0
NM_014501_46,0.0,0.0,0.0,0.0,0.0,0.0
NM_0141761,0.0,0.0,0.0,0.0,0.0,0.0
NM_00334823,0.0,0.0,0.0,0.0,0.0,0.0
NM_00701957,0.0,0.0,0.0,0.0,0.0,0.0
mrna-BD135193_26,0.0,0.0,0.0,0.0,0.0,0.0
mrna-NM_003344_3,0.0,0.0,0.0,0.0,0.0,0.0
U4729895,0.0,0.0,0.0,0.0,0.0,0.0
NM_00204613,0.0,0.0,0.0,0.0,0.0,0.0
NM_016406_61,0.0,0.0,0.0,0.0,0.0,0.0
NM_003345_1,0.0,0.0,0.0,0.0,0.0,0.0
NM_00701932,0.0,0.0,0.0,0.0,0.0,0.0
J30312_6,0.0,0.0,0.0,0.0,0.0,0.0
NM_0025596,0.0,0.0,0.0,0.0,0.0,0.0
mrna-NM_003344_70,0.0,0.0,0.0,0.0,0.0,0.0
NM_016406_24,0.0,0.0,0.0,0.0,0.0,0.0
U4729878,0.0,0.0,0.0,0.0,0.0,0.0
NM_0070193,0.0,0.0,0.0,0.0,0.0,0.0
NM_003347_39,0.0,0.0,0.0,0.0,0.0,0.0
NM_015213_57,0.0,0.0,0.0,0.0,0.0,0.0
mrna-NM_003337_4,0.0,0.0,0.0,0.0,0.0,0.0
mrna-NM_004359_35,0.0,0.0,0.0,0.0,0.0,0.0
NM_00255930,0.0,0.0,0.0,0.0,0.0,0.0
NM_00100148122,0.0,0.0,0.0,0.0,0.0,0.0
NM_00255922,0.0,0.0,0.0,0.0,0.0,0.0
U472963,0.0,0.0,0.0,0.0,0.0,0.0
NM_014501_60,0.0,0.0,0.0,0.0,0.0,0.0
NM_00545033,0.0,0.0,0.0,0.0,0.0,0.0
NM_00334265,0.0,0.0,0.0,0.0,0.0,0.0
NM_00635765,0.0,0.0,0.0,0.0,0.0,0.0
U47298111,0.0,0.0,0.0,0.0,0.0,0.0
mrna-NM_003344_44,0.0,0.0,0.0,0.0,0.0,0.0
AH00149823,0.0,0.0,0.0,0.0,0.0,0.0
NM_00334223,0.0,0.0,0.0,0.0,0.0,0.0
U4729866,0.0,0.0,0.0,0.0,0.0,0.0
mrna-NM_003340_20,0.0,0.0,0.0,0.0,0.0,0.0
NM_00701912,0.0,0.0,0.0,0.0,0.0,0.0
NM_00635749,0.0,0.0,0.0,0.0,0.0,0.0
NM_00100148129,0.0,0.0,0.0,0.0,0.0,0.0
mrna-NM_003337_23,0.0,0.0,0.0,0.0,0.0,0.0
NM_00100148163,0.0,0.0,0.0,0.0,0.0,0.0
NM_01417638,0.0,0.0,0.0,0.0,0.0,0.0
NM_015213_22,0.0,0.0,0.0,0.0,0.0,0.0
XM_371822_92,0.0,0.0,0.0,0.0,0.0,0.0
NM_016406_67,0.0,0.0,0.0,0.0,0.0,0.0
NM_014501_27,0.0,0.0,0.0,0.0,0.0,0.0
NM_014501_26,0.0,0.0,0.0,0.0,0.0,0.0
NM_00255958,0.0,0.0,0.0,0.0,0.0,0.0
NM_00334258,0.0,0.0,0.0,0.0,0.0,0.0
NM_00255955,0.0,0.0,0.0,0.0,0.0,0.0
NM_00100148145,0.0,0.0,0.0,0.0,0.0,0.0
NM_003345_41,0.0,0.0,0.0,0.0,0.0,0.0
NM_00635732,0.0,0.0,0.0,0.0,0.0,0.0
NM_003347_10,0.0,0.0,0.0,0.0,0.0,0.0
NM_0141768,0.0,0.0,0.0,0.0,0.0,0.0
mrna-NM_004359_10,0.0,0.0,0.0,0.0,0.0,0.0
NM_00255929,0.0,0.0,0.0,0.0,0.0,0.0
U47298113,0.0,0.0,0.0,0.0,0.0,0.0
NM_00100148132,0.0,0.0,0.0,0.0,0.0,0.0
J30312_30,0.0,0.0,0.0,0.0,0.0,0.0
NM_00701937,0.0,0.0,0.0,0.0,0.0,0.0
NM_00100148128,0.0,0.0,0.0,0.0,0.0,0.0
NM_00100148126,0.0,0.0,0.0,0.0,0.0,0.0
NM_00255917,0.0,0.0,0.0,0.0,0.0,0.0
XM_371822_36,0.0,0.0,0.0,0.0,0.0,0.0
NM_01417615,0.0,0.0,0.0,0.0,0.0,0.0
NM_00334854,0.0,0.0,0.0,0.0,0.0,0.0
mrna-NM_003344_4,0.0,0.0,0.0,0.0,0.0,0.0
X759328,0.0,0.0,0.0,0.0,0.0,0.0
NM_00255985,0.0,0.0,0.0,0.0,0.0,0.0
NM_014501_13,0.0,0.0,0.0,0.0,0.0,0.0
NM_00255919,0.0,0.0,0.0,0.0,0.0,0.0
mrna-NM_004359_17,0.0,0.0,0.0,0.0,0.0,0.0
NM_015213_113,0.0,0.0,0.0,0.0,0.0,0.0
XM_371822_74,0.0,0.0,0.0,0.0,0.0,0.0
NM_00100148154,0.0,0.0,0.0,0.0,0.0,0.0
mrna-NM_004359_39,0.0,0.0,0.0,0.0,0.0,0.0
NM_00100148173,0.0,0.0,0.0,0.0,0.0,0.0
NM_00100148124,0.0,0.0,0.0,0.0,0.0,0.0
NM_0010014811,0.0,0.0,0.0,0.0,0.0,0.0
mrna-BD135193_54,0.0,0.0,0.0,0.0,0.0,0.0
NM_00635755,0.0,0.0,0.0,0.0,0.0,0.0
NM_00255911,0.0,0.0,0.0,0.0,0.0,0.0
NM_01417649,0.0,0.0,0.0,0.0,0.0,0.0
NM_0010014814,0.0,0.0,0.0,0.0,0.0,0.0
NM_015213_18,0.0,0.0,0.0,0.0,0.0,0.0
NM_00334228,0.0,0.0,0.0,0.0,0.0,0.0
NM_016406_51,0.0,0.0,0.0,0.0,0.0,0.0
mrna-NM_003340_21,0.0,0.0,0.0,0.0,0.0,0.0
NM_00255979,0.0,0.0,0.0,0.0,0.0,0.0
NM_003347_28,0.0,0.0,0.0,0.0,0.0,0.0
NM_004223_71,0.0,0.0,0.0,0.0,0.0,0.0
NM_016406_43,0.0,0.0,0.0,0.0,0.0,0.0
mrna-NM_003337_43,0.0,0.0,0.0,0.0,0.0,0.0
NM_00100148176,0.0,0.0,0.0,0.0,0.0,0.0
NM_00334219,0.0,0.0,0.0,0.0,0.0,0.0
NM_016406_34,0.0,0.0,0.0,0.0,0.0,0.0
mrna-NM_004359_21,0.0,0.0,0.0,0.0,0.0,0.0
NM_003347_34,0.0,0.0,0.0,0.0,0.0,0.0
XM_371822_100,0.0,0.0,0.0,0.0,0.0,0.0
mrna-NM_004359_54,0.0,0.0,0.0,0.0,0.0,0.0
NM_004223_12,0.0,0.0,0.0,0.0,0.0,0.0
U4729822,0.0,0.0,0.0,0.0,0.0,0.0
NM_003345_24,0.0,0.0,0.0,0.0,0.0,0.0
XM_371822_50,0.0,0.0,0.0,0.0,0.0,0.0
U4729828,0.0,0.0,0.0,0.0,0.0,0.0
mrna-NM_003337_71,0.0,0.0,0.0,0.0,0.0,0.0
NM_01417668,0.0,0.0,0.0,0.0,0.0,0.0
NM_014501_74,0.0,0.0,0.0,0.0,0.0,0.0
NM_00334226,0.0,0.0,0.0,0.0,0.0,0.0
mrna-NM_003340_8,0.0,0.0,0.0,0.0,0.0,0.0
NM_01417656,0.0,0.0,0.0,0.0,0.0,0.0
NM_015213_20,0.0,0.0,0.0,0.0,0.0,0.0
NM_00635716,0.0,0.0,0.0,0.0,0.0,0.0
mrna-NM_004359_25,0.0,0.0,0.0,0.0,0.0,0.0
NM_016406_60,0.0,0.0,0.0,0.0,0.0,0.0
NM_014501_56,0.0,0.0,0.0,0.0,0.0,0.0
mrna-NM_004359_4,0.0,0.0,0.0,0.0,0.0,0.0
NM_00334271,0.0,0.0,0.0,0.0,0.0,0.0
XM_371822_142,0.0,0.0,0.0,0.0,0.0,0.0
NM_00545010,0.0,0.0,0.0,0.0,0.0,0.0
NM_00334816,0.0,0.0,0.0,0.0,0.0,0.0
U4729894,0.0,0.0,0.0,0.0,0.0,0.0
NM_004223_2,0.0,0.0,0.0,0.0,0.0,0.0
NM_015213_44,0.0,0.0,0.0,0.0,0.0,0.0
NM_00545054,0.0,0.0,0.0,0.0,0.0,0.0
NM_015213_94,0.0,0.0,0.0,0.0,0.0,0.0
XM_371822_83,0.0,0.0,0.0,0.0,0.0,0.0
AH00149822,0.0,0.0,0.0,0.0,0.0,0.0
NM_004223_57,0.0,0.0,0.0,0.0,0.0,0.0
mrna-NM_003340_67,0.0,0.0,0.0,0.0,0.0,0.0
NM_00701942,0.0,0.0,0.0,0.0,0.0,0.0
NM_015213_64,0.0,0.0,0.0,0.0,0.0,0.0
NM_00100148151,0.0,0.0,0.0,0.0,0.0,0.0
XM_371822_40,0.0,0.0,0.0,0.0,0.0,0.0
NM_01602112,0.0,0.0,0.0,0.0,0.0,0.0
J30312_36,0.0,0.0,0.0,0.0,0.0,0.0
XM_371822_15,0.0,0.0,0.0,0.0,0.0,0.0
mrna-NM_003340_50,0.0,0.0,0.0,0.0,0.0,0.0
NM_00635730,0.0,0.0,0.0,0.0,0.0,0.0
U472962,0.0,0.0,0.0,0.0,0.0,0.0
U472985,0.0,0.0,0.0,0.0,0.0,0.0
NM_0020461,0.0,0.0,0.0,0.0,0.0,0.0
XM_371822_77,0.0,0.0,0.0,0.0,0.0,0.0
mrna-NM_003340_60,0.0,0.0,0.0,0.0,0.0,0.0
NM_00100148149,0.0,0.0,0.0,0.0,0.0,0.0
mrna-NM_003337_9,0.0,0.0,0.0,0.0,0.0,0.0
mrna-NM_003344_32,0.0,0.0,0.0,0.0,0.0,0.0
NM_004223_46,0.0,0.0,0.0,0.0,0.0,0.0
NM_015213_41,0.0,0.0,0.0,0.0,0.0,0.0
NM_00255963,0.0,0.0,0.0,0.0,0.0,0.0
mrna-BD135193_61,0.0,0.0,0.0,0.0,0.0,0.0
NM_00204611,0.0,0.0,0.0,0.0,0.0,0.0
NM_00635723,0.0,0.0,0.0,0.0,0.0,0.0
NM_016406_63,0.0,0.0,0.0,0.0,0.0,0.0
U4729888,0.0,0.0,0.0,0.0,0.0,0.0
XM_371822_31,0.0,0.0,0.0,0.0,0.0,0.0
NM_00334841,0.0,0.0,0.0,0.0,0.0,0.0
NM_004223_42,0.0,0.0,0.0,0.0,0.0,0.0
mrna-NM_004359_31,0.0,0.0,0.0,0.0,0.0,0.0
NM_015213_97,0.0,0.0,0.0,0.0,0.0,0.0
NM_016406_30,0.0,0.0,0.0,0.0,0.0,0.0
J30312_20,0.0,0.0,0.0,0.0,0.0,0.0
NM_004223_66,0.0,0.0,0.0,0.0,0.0,0.0
NM_015213_42,0.0,0.0,0.0,0.0,0.0,0.0
NM_01417631,0.0,0.0,0.0,0.0,0.0,0.0
mrna-NM_003340_81,0.0,0.0,0.0,0.0,0.0,0.0
NM_00334837,0.0,0.0,0.0,0.0,0.0,0.0
NM_0033423,0.0,0.0,0.0,0.0,0.0,0.0
NM_00701960,0.0,0.0,0.0,0.0,0.0,0.0
mrna-NM_003344_38,0.0,0.0,0.0,0.0,0.0,0.0
XM_371822_11,0.0,0.0,0.0,0.0,0.0,0.0
NM_00334245,0.0,0.0,0.0,0.0,0.0,0.0
NM_015213_90,0.0,0.0,0.0,0.0,0.0,0.0
NM_00545064,0.0,0.0,0.0,0.0,0.0,0.0
U4729825,0.0,0.0,0.0,0.0,0.0,0.0
AH00149836,0.0,0.0,0.0,0.0,0.0,0.0
mrna-NM_003337_15,0.0,0.0,0.0,0.0,0.0,0.0
mrna-BD135193_49,0.0,0.0,0.0,0.0,0.0,0.0
mrna-NM_003337_16,0.0,0.0,0.0,0.0,0.0,0.0
NM_004223_21,0.0,0.0,0.0,0.0,0.0,0.0
mrna-NM_004359_18,0.0,0.0,0.0,0.0,0.0,0.0
NM_015213_95,0.0,0.0,0.0,0.0,0.0,0.0
XM_371822_17,0.0,0.0,0.0,0.0,0.0,0.0
NM_00100148140,0.0,0.0,0.0,0.0,0.0,0.0
AH00149820,0.0,0.0,0.0,0.0,0.0,0.0
mrna-BD135193_39,0.0,0.0,0.0,0.0,0.0,0.0
NM_003347_41,0.0,0.0,0.0,0.0,0.0,0.0
NM_00701917,0.0,0.0,0.0,0.0,0.0,0.0
mrna-NM_003340_73,0.0,0.0,0.0,0.0,0.0,0.0
mrna-NM_003340_43,0.0,0.0,0.0,0.0,0.0,0.0
NM_015213_32,0.0,0.0,0.0,0.0,0.0,0.0
NM_00334250,0.0,0.0,0.0,0.0,0.0,0.0
NM_01602139,0.0,0.0,0.0,0.0,0.0,0.0
XM_371822_129,0.0,0.0,0.0,0.0,0.0,0.0
XM_371822_26,0.0,0.0,0.0,0.0,0.0,0.0
XM_371822_8,0.0,0.0,0.0,0.0,0.0,0.0
mrna-NM_004359_43,0.0,0.0,0.0,0.0,0.0,0.0
NM_016406_48,0.0,0.0,0.0,0.0,0.0,0.0
NM_014501_39,0.0,0.0,0.0,0.0,0.0,0.0
NM_0160211,0.0,0.0,0.0,0.0,0.0,0.0
U4729881,0.0,0.0,0.0,0.0,0.0,0.0
XM_371822_122,0.0,0.0,0.0,0.0,0.0,0.0
NM_016406_62,0.0,0.0,0.0,0.0,0.0,0.0
XM_371822_121,0.0,0.0,0.0,0.0,0.0,0.0
NM_01417659,0.0,0.0,0.0,0.0,0.0,0.0
NM_01417652,0.0,0.0,0.0,0.0,0.0,0.0
NM_00334867,0.0,0.0,0.0,0.0,0.0,0.0
mrna-BD135193_22,0.0,0.0,0.0,0.0,0.0,0.0
AH00149810,0.0,0.0,0.0,0.0,0.0,0.0
NM_01602136,0.0,0.0,0.0,0.0,0.0,0.0
mrna-BD135193_45,0.0,0.0,0.0,0.0,0.0,0.0
XM_371822_58,0.0,0.0,0.0,0.0,0.0,0.0
NM_01417650,0.0,0.0,0.0,0.0,0.0,0.0
NM_00255962,0.0,0.0,0.0,0.0,0.0,0.0
NM_00334849,0.0,0.0,0.0,0.0,0.0,0.0
NM_00100148175,0.0,0.0,0.0,0.0,0.0,0.0
XM_371822_33,0.0,0.0,0.0,0.0,0.0,0.0
XM_371822_4,0.0,0.0,0.0,0.0,0.0,0.0
NM_00334826,0.0,0.0,0.0,0.0,0.0,0.0
U4729849,0.0,0.0,0.0,0.0,0.0,0.0
NM_00100148156,0.0,0.0,0.0,0.0,0.0,0.0
U47298112,0.0,0.0,0.0,0.0,0.0,0.0
NM_00635778,0.0,0.0,0.0,0.0,0.0,0.0
mrna-NM_003337_39,0.0,0.0,0.0,0.0,0.0,0.0
NM_003345_27,0.0,0.0,0.0,0.0,0.0,0.0
NM_00100148177,0.0,0.0,0.0,0.0,0.0,0.0
mrna-NM_003337_59,0.0,0.0,0.0,0.0,0.0,0.0
mrna-BD135193_17,0.0,0.0,0.0,0.0,0.0,0.0
NM_015213_106,0.0,0.0,0.0,0.0,0.0,0.0
NM_016406_9,0.0,0.0,0.0,0.0,0.0,0.0
NM_00545014,0.0,0.0,0.0,0.0,0.0,0.0
XM_371822_81,0.0,0.0,0.0,0.0,0.0,0.0
NM_00701964,0.0,0.0,0.0,0.0,0.0,0.0
NM_00334862,0.0,0.0,0.0,0.0,0.0,0.0
mrna-NM_003340_5,0.0,0.0,0.0,0.0,0.0,0.0
AH00149813,0.0,0.0,0.0,0.0,0.0,0.0
NM_00701955,0.0,0.0,0.0,0.0,0.0,0.0
NM_00635776,0.0,0.0,0.0,0.0,0.0,0.0
mrna-NM_003337_17,0.0,0.0,0.0,0.0,0.0,0.0
NM_0010014815,0.0,0.0,0.0,0.0,0.0,0.0
NM_00545022,0.0,0.0,0.0,0.0,0.0,0.0
mrna-NM_003344_49,0.0,0.0,0.0,0.0,0.0,0.0
NM_00255975,0.0,0.0,0.0,0.0,0.0,0.0
mrna-NM_003337_70,0.0,0.0,0.0,0.0,0.0,0.0
mrna-NM_004359_11,0.0,0.0,0.0,0.0,0.0,0.0
XM_371822_49,0.0,0.0,0.0,0.0,0.0,0.0
U472981,0.0,0.0,0.0,0.0,0.0,0.0
J30312_31,0.0,0.0,0.0,0.0,0.0,0.0
NM_0033484,0.0,0.0,0.0,0.0,0.0,0.0
NM_0063578,0.0,0.0,0.0,0.0,0.0,0.0
J30312_3,0.0,0.0,0.0,0.0,0.0,0.0
NM_0033429,0.0,0.0,0.0,0.0,0.0,0.0
mrna-NM_003344_48,0.0,0.0,0.0,0.0,0.0,0.0
NM_015213_47,0.0,0.0,0.0,0.0,0.0,0.0
NM_003345_11,0.0,0.0,0.0,0.0,0.0,0.0
NM_015213_43,0.0,0.0,0.0,0.0,0.0,0.0
NM_00334242,0.0,0.0,0.0,0.0,0.0,0.0
NM_00334257,0.0,0.0,0.0,0.0,0.0,0.0
NM_016406_10,0.0,0.0,0.0,0.0,0.0,0.0
NM_003347_5,0.0,0.0,0.0,0.0,0.0,0.0
NM_00545063,0.0,0.0,0.0,0.0,0.0,0.0
NM_00635747,0.0,0.0,0.0,0.0,0.0,0.0
NM_003347_16,0.0,0.0,0.0,0.0,0.0,0.0
NM_00255918,0.0,0.0,0.0,0.0,0.0,0.0
NM_00255983,0.0,0.0,0.0,0.0,0.0,0.0
AH00149825,0.0,0.0,0.0,0.0,0.0,0.0
NM_00635746,0.0,0.0,0.0,0.0,0.0,0.0
NM_0033487,0.0,0.0,0.0,0.0,0.0,0.0
NM_003345_19,0.0,0.0,0.0,0.0,0.0,0.0
mrna-NM_003340_76,0.0,0.0,0.0,0.0,0.0,0.0
NM_014501_4,0.0,0.0,0.0,0.0,0.0,0.0
NM_015213_88,0.0,0.0,0.0,0.0,0.0,0.0
NM_003345_38,0.0,0.0,0.0,0.0,0.0,0.0
NM_00255981,0.0,0.0,0.0,0.0,0.0,0.0
NM_003347_18,0.0,0.0,0.0,0.0,0.0,0.0
mrna-NM_003337_57,0.0,0.0,0.0,0.0,0.0,0.0
mrna-BD135193_67,0.0,0.0,0.0,0.0,0.0,0.0
U4729839,0.0,0.0,0.0,0.0,0.0,0.0
U4729843,0.0,0.0,0.0,0.0,0.0,0.0
mrna-NM_003344_16,0.0,0.0,0.0,0.0,0.0,0.0
NM_00701947,0.0,0.0,0.0,0.0,0.0,0.0
NM_00334264,0.0,0.0,0.0,0.0,0.0,0.0
U47298104,0.0,0.0,0.0,0.0,0.0,0.0
NM_016406_45,0.0,0.0,0.0,0.0,0.0,0.0
X759327,0.0,0.0,0.0,0.0,0.0,0.0
mrna-BD135193_11,0.0,0.0,0.0,0.0,0.0,0.0
NM_0033485,0.0,0.0,0.0,0.0,0.0,0.0
U4729889,0.0,0.0,0.0,0.0,0.0,0.0
J30312_1,0.0,0.0,0.0,0.0,0.0,0.0
NM_01417613,0.0,0.0,0.0,0.0,0.0,0.0
NM_00100148168,0.0,0.0,0.0,0.0,0.0,0.0
NM_003347_31,0.0,0.0,0.0,0.0,0.0,0.0
NM_01417645,0.0,0.0,0.0,0.0,0.0,0.0
NM_015213_81,0.0,0.0,0.0,0.0,0.0,0.0
mrna-NM_003337_63,0.0,0.0,0.0,0.0,0.0,0.0
NM_016406_11,0.0,0.0,0.0,0.0,0.0,0.0
NM_00635761,0.0,0.0,0.0,0.0,0.0,0.0
J30312_8,0.0,0.0,0.0,0.0,0.0,0.0
NM_004223_6,0.0,0.0,0.0,0.0,0.0,0.0
J30312_32,0.0,0.0,0.0,0.0,0.0,0.0
mrna-NM_004359_24,0.0,0.0,0.0,0.0,0.0,0.0
XM_371822_124,0.0,0.0,0.0,0.0,0.0,0.0
NM_014501_40,0.0,0.0,0.0,0.0,0.0,0.0
NM_0063577,0.0,0.0,0.0,0.0,0.0,0.0
NM_015213_2,0.0,0.0,0.0,0.0,0.0,0.0
NM_004223_32,0.0,0.0,0.0,0.0,0.0,0.0
U4729817,0.0,0.0,0.0,0.0,0.0,0.0
NM_00635775,0.0,0.0,0.0,0.0,0.0,0.0
NM_0033428,0.0,0.0,0.0,0.0,0.0,0.0
mrna-NM_004359_30,0.0,0.0,0.0,0.0,0.0,0.0
mrna-NM_003340_82,0.0,0.0,0.0,0.0,0.0,0.0
NM_004223_24,0.0,0.0,0.0,0.0,0.0,0.0
NM_014501_8,0.0,0.0,0.0,0.0,0.0,0.0
U4729863,0.0,0.0,0.0,0.0,0.0,0.0
NM_015213_55,0.0,0.0,0.0,0.0,0.0,0.0
mrna-NM_003344_65,0.0,0.0,0.0,0.0,0.0,0.0
NM_016406_15,0.0,0.0,0.0,0.0,0.0,0.0
NM_004223_69,0.0,0.0,0.0,0.0,0.0,0.0
NM_00635772,0.0,0.0,0.0,0.0,0.0,0.0
NM_016406_21,0.0,0.0,0.0,0.0,0.0,0.0
NM_00100148118,0.0,0.0,0.0,0.0,0.0,0.0
NM_014501_17,0.0,0.0,0.0,0.0,0.0,0.0
NM_003345_14,0.0,0.0,0.0,0.0,0.0,0.0
NM_00545067,0.0,0.0,0.0,0.0,0.0,0.0
NM_014501_47,0.0,0.0,0.0,0.0,0.0,0.0
mrna-NM_003340_15,0.0,0.0,0.0,0.0,0.0,0.0
U4729811,0.0,0.0,0.0,0.0,0.0,0.0
mrna-NM_003337_8,0.0,0.0,0.0,0.0,0.0,0.0
mrna-NM_003344_20,0.0,0.0,0.0,0.0,0.0,0.0
XM_371822_132,0.0,0.0,0.0,0.0,0.0,0.0
mrna-NM_003337_72,0.0,0.0,0.0,0.0,0.0,0.0
NM_01602127,0.0,0.0,0.0,0.0,0.0,0.0
NM_00334814,0.0,0.0,0.0,0.0,0.0,0.0
NM_00334868,0.0,0.0,0.0,0.0,0.0,0.0
mrna-NM_004359_57,0.0,0.0,0.0,0.0,0.0,0.0
NM_003345_25,0.0,0.0,0.0,0.0,0.0,0.0
mrna-NM_004359_48,0.0,0.0,0.0,0.0,0.0,0.0
NM_004223_17,0.0,0.0,0.0,0.0,0.0,0.0
mrna-NM_004359_14,0.0,0.0,0.0,0.0,0.0,0.0
NM_015213_1,0.0,0.0,0.0,0.0,0.0,0.0
NM_01417621,0.0,0.0,0.0,0.0,0.0,0.0
NM_00100148161,0.0,0.0,0.0,0.0,0.0,0.0
mrna-NM_003340_52,0.0,0.0,0.0,0.0,0.0,0.0
NM_003347_7,0.0,0.0,0.0,0.0,0.0,0.0
U4729859,0.0,0.0,0.0,0.0,0.0,0.0
U4729854,0.0,0.0,0.0,0.0,0.0,0.0
NM_00635738,0.0,0.0,0.0,0.0,0.0,0.0
NM_00635710,0.0,0.0,0.0,0.0,0.0,0.0
NM_003345_32,0.0,0.0,0.0,0.0,0.0,0.0
NM_015213_114,0.0,0.0,0.0,0.0,0.0,0.0
NM_00334211,0.0,0.0,0.0,0.0,0.0,0.0
NM_015213_28,0.0,0.0,0.0,0.0,0.0,0.0
NM_015213_3,0.0,0.0,0.0,0.0,0.0,0.0
AH0014982,0.0,0.0,0.0,0.0,0.0,0.0
NM_00545043,0.0,0.0,0.0,0.0,0.0,0.0
NM_00635711,0.0,0.0,0.0,0.0,0.0,0.0
mrna-NM_003340_40,0.0,0.0,0.0,0.0,0.0,0.0
NM_01602146,0.0,0.0,0.0,0.0,0.0,0.0
NM_00255946,0.0,0.0,0.0,0.0,0.0,0.0
mrna-NM_003337_51,0.0,0.0,0.0,0.0,0.0,0.0
NM_00255954,0.0,0.0,0.0,0.0,0.0,0.0
NM_00701959,0.0,0.0,0.0,0.0,0.0,0.0
NM_014501_76,0.0,0.0,0.0,0.0,0.0,0.0
NM_014501_51,0.0,0.0,0.0,0.0,0.0,0.0
U472989,0.0,0.0,0.0,0.0,0.0,0.0
NM_01602131,0.0,0.0,0.0,0.0,0.0,0.0
NM_016406_23,0.0,0.0,0.0,0.0,0.0,0.0
XM_371822_53,0.0,0.0,0.0,0.0,0.0,0.0
NM_014501_70,0.0,0.0,0.0,0.0,0.0,0.0
XM_371822_88,0.0,0.0,0.0,0.0,0.0,0.0
NM_00255959,0.0,0.0,0.0,0.0,0.0,0.0
mrna-NM_004359_9,0.0,0.0,0.0,0.0,0.0,0.0
NM_004223_33,0.0,0.0,0.0,0.0,0.0,0.0
NM_00635725,0.0,0.0,0.0,0.0,0.0,0.0
mrna-NM_003340_32,0.0,0.0,0.0,0.0,0.0,0.0
mrna-NM_003337_64,0.0,0.0,0.0,0.0,0.0,0.0
J30312_10,0.0,0.0,0.0,0.0,0.0,0.0
mrna-BD135193_44,0.0,0.0,0.0,0.0,0.0,0.0
NM_00100148112,0.0,0.0,0.0,0.0,0.0,0.0
AH00149826,0.0,0.0,0.0,0.0,0.0,0.0
NM_00545037,0.0,0.0,0.0,0.0,0.0,0.0
U4729855,0.0,0.0,0.0,0.0,0.0,0.0
NM_00204612,0.0,0.0,0.0,0.0,0.0,0.0
NM_00255972,0.0,0.0,0.0,0.0,0.0,0.0
XM_371822_85,0.0,0.0,0.0,0.0,0.0,0.0
NM_015213_104,0.0,0.0,0.0,0.0,0.0,0.0
J30312_27,0.0,0.0,0.0,0.0,0.0,0.0
XM_371822_62,0.0,0.0,0.0,0.0,0.0,0.0
NM_01417633,0.0,0.0,0.0,0.0,0.0,0.0
NM_01602132,0.0,0.0,0.0,0.0,0.0,0.0
XM_371822_23,0.0,0.0,0.0,0.0,0.0,0.0
NM_0025591,0.0,0.0,0.0,0.0,0.0,0.0
NM_003345_12,0.0,0.0,0.0,0.0,0.0,0.0
NM_0160219,0.0,0.0,0.0,0.0,0.0,0.0
NM_015213_68,0.0,0.0,0.0,0.0,0.0,0.0
NM_00334260,0.0,0.0,0.0,0.0,0.0,0.0
AH00149832,0.0,0.0,0.0,0.0,0.0,0.0
NM_00635771,0.0,0.0,0.0,0.0,0.0,0.0
NM_0205483,0.0,0.0,0.0,0.0,0.0,0.0
NM_014501_45,0.0,0.0,0.0,0.0,0.0,0.0
NM_003347_44,0.0,0.0,0.0,0.0,0.0,0.0
XM_371822_75,0.0,0.0,0.0,0.0,0.0,0.0
NM_00635777,0.0,0.0,0.0,0.0,0.0,0.0
NM_003345_17,0.0,0.0,0.0,0.0,0.0,0.0
NM_003347_53,0.0,0.0,0.0,0.0,0.0,0.0
NM_014501_30,0.0,0.0,0.0,0.0,0.0,0.0
NM_00334838,0.0,0.0,0.0,0.0,0.0,0.0
mrna-NM_003337_79,0.0,0.0,0.0,0.0,0.0,0.0
NM_00334239,0.0,0.0,0.0,0.0,0.0,0.0
NM_016406_13,0.0,0.0,0.0,0.0,0.0,0.0
NM_00334279,0.0,0.0,0.0,0.0,0.0,0.0
NM_014501_38,0.0,0.0,0.0,0.0,0.0,0.0
NM_014501_49,0.0,0.0,0.0,0.0,0.0,0.0
XM_371822_16,0.0,0.0,0.0,0.0,0.0,0.0
XM_371822_68,0.0,0.0,0.0,0.0,0.0,0.0
NM_00701970,0.0,0.0,0.0,0.0,0.0,0.0
NM_00334241,0.0,0.0,0.0,0.0,0.0,0.0
U4729892,0.0,0.0,0.0,0.0,0.0,0.0
NM_003347_29,0.0,0.0,0.0,0.0,0.0,0.0
AH0014984,0.0,0.0,0.0,0.0,0.0,0.0
NM_003345_4,0.0,0.0,0.0,0.0,0.0,0.0
mrna-BD135193_32,0.0,0.0,0.0,0.0,0.0,0.0
NM_014501_66,0.0,0.0,0.0,0.0,0.0,0.0
NM_0054507,0.0,0.0,0.0,0.0,0.0,0.0
NM_00545038,0.0,0.0,0.0,0.0,0.0,0.0
XM_371822_14,0.0,0.0,0.0,0.0,0.0,0.0
NM_00635718,0.0,0.0,0.0,0.0,0.0,0.0
NM_016406_39,0.0,0.0,0.0,0.0,0.0,0.0
NM_00545066,0.0,0.0,0.0,0.0,0.0,0.0
U472982,0.0,0.0,0.0,0.0,0.0,0.0
NM_01602142,0.0,0.0,0.0,0.0,0.0,0.0
NM_016406_68,0.0,0.0,0.0,0.0,0.0,0.0
mrna-NM_003337_47,0.0,0.0,0.0,0.0,0.0,0.0
NM_015213_92,0.0,0.0,0.0,0.0,0.0,0.0
NM_00635719,0.0,0.0,0.0,0.0,0.0,0.0
NM_015213_122,0.0,0.0,0.0,0.0,0.0,0.0
NM_00545024,0.0,0.0,0.0,0.0,0.0,0.0
NM_00334263,0.0,0.0,0.0,0.0,0.0,0.0
NM_01417639,0.0,0.0,0.0,0.0,0.0,0.0
AH00149833,0.0,0.0,0.0,0.0,0.0,0.0
U472987,0.0,0.0,0.0,0.0,0.0,0.0
NM_01602117,0.0,0.0,0.0,0.0,0.0,0.0
NM_00545062,0.0,0.0,0.0,0.0,0.0,0.0
NM_00334259,0.0,0.0,0.0,0.0,0.0,0.0
mrna-NM_003344_29,0.0,0.0,0.0,0.0,0.0,0.0
NM_016406_52,0.0,0.0,0.0,0.0,0.0,0.0
mrna-NM_003344_27,0.0,0.0,0.0,0.0,0.0,0.0
XM_371822_135,0.0,0.0,0.0,0.0,0.0,0.0
AH00149817,0.0,0.0,0.0,0.0,0.0,0.0
NM_01417666,0.0,0.0,0.0,0.0,0.0,0.0
NM_003345_63,0.0,0.0,0.0,0.0,0.0,0.0
NM_00701972,0.0,0.0,0.0,0.0,0.0,0.0
NM_00334262,0.0,0.0,0.0,0.0,0.0,0.0
NM_003347_47,0.0,0.0,0.0,0.0,0.0,0.0
NM_00100148144,0.0,0.0,0.0,0.0,0.0,0.0
NM_00334248,0.0,0.0,0.0,0.0,0.0,0.0
NM_014501_28,0.0,0.0,0.0,0.0,0.0,0.0
J30312_14,0.0,0.0,0.0,0.0,0.0,0.0
mrna-NM_003344_55,0.0,0.0,0.0,0.0,0.0,0.0
NM_015213_7,0.0,0.0,0.0,0.0,0.0,0.0
mrna-NM_004359_33,0.0,0.0,0.0,0.0,0.0,0.0
NM_014501_67,0.0,0.0,0.0,0.0,0.0,0.0
NM_01602111,0.0,0.0,0.0,0.0,0.0,0.0
mrna-NM_003340_78,0.0,0.0,0.0,0.0,0.0,0.0
NM_0160214,0.0,0.0,0.0,0.0,0.0,0.0
U4729884,0.0,0.0,0.0,0.0,0.0,0.0
XM_371822_30,0.0,0.0,0.0,0.0,0.0,0.0
XM_371822_20,0.0,0.0,0.0,0.0,0.0,0.0
NM_004223_30,0.0,0.0,0.0,0.0,0.0,0.0
NM_00334253,0.0,0.0,0.0,0.0,0.0,0.0
NM_00545068,0.0,0.0,0.0,0.0,0.0,0.0
mrna-NM_003337_12,0.0,0.0,0.0,0.0,0.0,0.0
NM_015213_24,0.0,0.0,0.0,0.0,0.0,0.0
NM_0063573,0.0,0.0,0.0,0.0,0.0,0.0
NM_00334832,0.0,0.0,0.0,0.0,0.0,0.0
NM_01602143,0.0,0.0,0.0,0.0,0.0,0.0
NM_00545034,0.0,0.0,0.0,0.0,0.0,0.0
NM_0033489,0.0,0.0,0.0,0.0,0.0,0.0
NM_016406_31,0.0,0.0,0.0,0.0,0.0,0.0
NM_0025594,0.0,0.0,0.0,0.0,0.0,0.0
U4729810,0.0,0.0,0.0,0.0,0.0,0.0
NM_00635748,0.0,0.0,0.0,0.0,0.0,0.0
NM_00545040,0.0,0.0,0.0,0.0,0.0,0.0
NM_00100148159,0.0,0.0,0.0,0.0,0.0,0.0
U4729896,0.0,0.0,0.0,0.0,0.0,0.0
mrna-NM_003337_34,0.0,0.0,0.0,0.0,0.0,0.0
U4729876,0.0,0.0,0.0,0.0,0.0,0.0
NM_015213_83,0.0,0.0,0.0,0.0,0.0,0.0
NM_00334858,0.0,0.0,0.0,0.0,0.0,0.0
mrna-NM_003340_65,0.0,0.0,0.0,0.0,0.0,0.0
NM_003347_36,0.0,0.0,0.0,0.0,0.0,0.0
NM_0160213,0.0,0.0,0.0,0.0,0.0,0.0
NM_00255953,0.0,0.0,0.0,0.0,0.0,0.0
XM_371822_95,0.0,0.0,0.0,0.0,0.0,0.0
XM_371822_21,0.0,0.0,0.0,0.0,0.0,0.0
NM_0070191,0.0,0.0,0.0,0.0,0.0,0.0
NM_0020464,0.0,0.0,0.0,0.0,0.0,0.0
NM_003345_58,0.0,0.0,0.0,0.0,0.0,0.0
NM_00334210,0.0,0.0,0.0,0.0,0.0,0.0
NM_014501_34,0.0,0.0,0.0,0.0,0.0,0.0
XM_371822_119,0.0,0.0,0.0,0.0,0.0,0.0
NM_004223_13,0.0,0.0,0.0,0.0,0.0,0.0
mrna-NM_003340_18,0.0,0.0,0.0,0.0,0.0,0.0
U4729813,0.0,0.0,0.0,0.0,0.0,0.0
NM_015213_117,0.0,0.0,0.0,0.0,0.0,0.0
NM_00255961,0.0,0.0,0.0,0.0,0.0,0.0
NM_00334863,0.0,0.0,0.0,0.0,0.0,0.0
mrna-NM_003344_7,0.0,0.0,0.0,0.0,0.0,0.0
mrna-NM_003340_33,0.0,0.0,0.0,0.0,0.0,0.0
mrna-NM_003337_37,0.0,0.0,0.0,0.0,0.0,0.0
NM_00545056,0.0,0.0,0.0,0.0,0.0,0.0
NM_014501_29,0.0,0.0,0.0,0.0,0.0,0.0
NM_004223_34,0.0,0.0,0.0,0.0,0.0,0.0
NM_004223_59,0.0,0.0,0.0,0.0,0.0,0.0
NM_00635726,0.0,0.0,0.0,0.0,0.0,0.0
XM_371822_27,0.0,0.0,0.0,0.0,0.0,0.0
XM_371822_64,0.0,0.0,0.0,0.0,0.0,0.0
NM_004223_64,0.0,0.0,0.0,0.0,0.0,0.0
NM_00255947,0.0,0.0,0.0,0.0,0.0,0.0
NM_016406_47,0.0,0.0,0.0,0.0,0.0,0.0
NM_00701962,0.0,0.0,0.0,0.0,0.0,0.0
AH00149837,0.0,0.0,0.0,0.0,0.0,0.0
NM_01602113,0.0,0.0,0.0,0.0,0.0,0.0
NM_00334266,0.0,0.0,0.0,0.0,0.0,0.0
NM_003345_49,0.0,0.0,0.0,0.0,0.0,0.0
NM_0033483,0.0,0.0,0.0,0.0,0.0,0.0
mrna-NM_003340_59,0.0,0.0,0.0,0.0,0.0,0.0
NM_00334852,0.0,0.0,0.0,0.0,0.0,0.0
XM_371822_134,0.0,0.0,0.0,0.0,0.0,0.0
NM_00255944,0.0,0.0,0.0,0.0,0.0,0.0
U47298103,0.0,0.0,0.0,0.0,0.0,0.0
mrna-NM_003340_75,0.0,0.0,0.0,0.0,0.0,0.0
NM_00635742,0.0,0.0,0.0,0.0,0.0,0.0
NM_014501_68,0.0,0.0,0.0,0.0,0.0,0.0
NM_00334831,0.0,0.0,0.0,0.0,0.0,0.0
U4729851,0.0,0.0,0.0,0.0,0.0,0.0
U4729850,0.0,0.0,0.0,0.0,0.0,0.0
mrna-BD135193_60,0.0,0.0,0.0,0.0,0.0,0.0
NM_00100148120,0.0,0.0,0.0,0.0,0.0,0.0
mrna-NM_003337_54,0.0,0.0,0.0,0.0,0.0,0.0
NM_00701969,0.0,0.0,0.0,0.0,0.0,0.0
NM_014501_18,0.0,0.0,0.0,0.0,0.0,0.0
mrna-NM_003340_47,0.0,0.0,0.0,0.0,0.0,0.0
NM_00635735,0.0,0.0,0.0,0.0,0.0,0.0
NM_014501_42,0.0,0.0,0.0,0.0,0.0,0.0
NM_00100148134,0.0,0.0,0.0,0.0,0.0,0.0
mrna-BD135193_57,0.0,0.0,0.0,0.0,0.0,0.0
NM_016406_25,0.0,0.0,0.0,0.0,0.0,0.0
NM_01417617,0.0,0.0,0.0,0.0,0.0,0.0
U472961,0.0,0.0,0.0,0.0,0.0,0.0
mrna-NM_003344_21,0.0,0.0,0.0,0.0,0.0,0.0
NM_004223_68,0.0,0.0,0.0,0.0,0.0,0.0
NM_004223_37,0.0,0.0,0.0,0.0,0.0,0.0
NM_015213_109,0.0,0.0,0.0,0.0,0.0,0.0
NM_00100148146,0.0,0.0,0.0,0.0,0.0,0.0
NM_00701939,0.0,0.0,0.0,0.0,0.0,0.0
NM_00255952,0.0,0.0,0.0,0.0,0.0,0.0
NM_00334252,0.0,0.0,0.0,0.0,0.0,0.0
XM_371822_76,0.0,0.0,0.0,0.0,0.0,0.0
mrna-BD135193_62,0.0,0.0,0.0,0.0,0.0,0.0
NM_00545042,0.0,0.0,0.0,0.0,0.0,0.0
NM_015213_6,0.0,0.0,0.0,0.0,0.0,0.0
mrna-NM_003340_83,0.0,0.0,0.0,0.0,0.0,0.0
NM_00100148164,0.0,0.0,0.0,0.0,0.0,0.0
NM_00635758,0.0,0.0,0.0,0.0,0.0,0.0
XM_371822_54,0.0,0.0,0.0,0.0,0.0,0.0
NM_00545051,0.0,0.0,0.0,0.0,0.0,0.0
XM_371822_139,0.0,0.0,0.0,0.0,0.0,0.0
NM_00255937,0.0,0.0,0.0,0.0,0.0,0.0
mrna-NM_003344_23,0.0,0.0,0.0,0.0,0.0,0.0
XM_371822_90,0.0,0.0,0.0,0.0,0.0,0.0
NM_004223_19,0.0,0.0,0.0,0.0,0.0,0.0
mrna-NM_003340_42,0.0,0.0,0.0,0.0,0.0,0.0
mrna-NM_003344_17,0.0,0.0,0.0,0.0,0.0,0.0
NM_00545050,0.0,0.0,0.0,0.0,0.0,0.0
J30312_19,0.0,0.0,0.0,0.0,0.0,0.0
NM_00334870,0.0,0.0,0.0,0.0,0.0,0.0
NM_00255920,0.0,0.0,0.0,0.0,0.0,0.0
NM_014501_71,0.0,0.0,0.0,0.0,0.0,0.0
AH0014989,0.0,0.0,0.0,0.0,0.0,0.0
NM_015213_115,0.0,0.0,0.0,0.0,0.0,0.0
NM_0141764,0.0,0.0,0.0,0.0,0.0,0.0
NM_00255940,0.0,0.0,0.0,0.0,0.0,0.0
NM_015213_21,0.0,0.0,0.0,0.0,0.0,0.0
NM_00701925,0.0,0.0,0.0,0.0,0.0,0.0
mrna-NM_004359_40,0.0,0.0,0.0,0.0,0.0,0.0
NM_0070199,0.0,0.0,0.0,0.0,0.0,0.0
NM_014501_25,0.0,0.0,0.0,0.0,0.0,0.0
XM_371822_72,0.0,0.0,0.0,0.0,0.0,0.0
NM_01417611,0.0,0.0,0.0,0.0,0.0,0.0
NM_00334860,0.0,0.0,0.0,0.0,0.0,0.0
J30312_4,0.0,0.0,0.0,0.0,0.0,0.0
NM_01602141,0.0,0.0,0.0,0.0,0.0,0.0
U47298101,0.0,0.0,0.0,0.0,0.0,0.0
J30312_9,0.0,0.0,0.0,0.0,0.0,0.0
NM_00334843,0.0,0.0,0.0,0.0,0.0,0.0
mrna-BD135193_12,0.0,0.0,0.0,0.0,0.0,0.0
mrna-NM_003344_15,0.0,0.0,0.0,0.0,0.0,0.0
mrna-NM_003340_57,0.0,0.0,0.0,0.0,0.0,0.0
NM_00255941,0.0,0.0,0.0,0.0,0.0,0.0
NM_0020463,0.0,0.0,0.0,0.0,0.0,0.0
mrna-NM_003344_53,0.0,0.0,0.0,0.0,0.0,0.0
NM_00635752,0.0,0.0,0.0,0.0,0.0,0.0
NM_00545023,0.0,0.0,0.0,0.0,0.0,0.0
NM_015213_78,0.0,0.0,0.0,0.0,0.0,0.0
NM_00701956,0.0,0.0,0.0,0.0,0.0,0.0
mrna-NM_003337_13,0.0,0.0,0.0,0.0,0.0,0.0
NM_0020465,0.0,0.0,0.0,0.0,0.0,0.0
mrna-NM_004359_19,0.0,0.0,0.0,0.0,0.0,0.0
AH00149824,0.0,0.0,0.0,0.0,0.0,0.0
NM_015213_67,0.0,0.0,0.0,0.0,0.0,0.0
NM_015213_107,0.0,0.0,0.0,0.0,0.0,0.0
NM_015213_80,0.0,0.0,0.0,0.0,0.0,0.0
NM_01602116,0.0,0.0,0.0,0.0,0.0,0.0
NM_015213_38,0.0,0.0,0.0,0.0,0.0,0.0
NM_015213_65,0.0,0.0,0.0,0.0,0.0,0.0
XM_371822_48,0.0,0.0,0.0,0.0,0.0,0.0
NM_014501_36,0.0,0.0,0.0,0.0,0.0,0.0
mrna-NM_003337_29,0.0,0.0,0.0,0.0,0.0,0.0
NM_015213_70,0.0,0.0,0.0,0.0,0.0,0.0
NM_014501_77,0.0,0.0,0.0,0.0,0.0,0.0
NM_00334244,0.0,0.0,0.0,0.0,0.0,0.0
NM_016406_65,0.0,0.0,0.0,0.0,0.0,0.0
NM_015213_79,0.0,0.0,0.0,0.0,0.0,0.0
XM_371822_41,0.0,0.0,0.0,0.0,0.0,0.0
NM_003345_28,0.0,0.0,0.0,0.0,0.0,0.0
mrna-BD135193_29,0.0,0.0,0.0,0.0,0.0,0.0
NM_00334850,0.0,0.0,0.0,0.0,0.0,0.0
NM_00334246,0.0,0.0,0.0,0.0,0.0,0.0
NM_01417634,0.0,0.0,0.0,0.0,0.0,0.0
NM_00701936,0.0,0.0,0.0,0.0,0.0,0.0
U4729857,0.0,0.0,0.0,0.0,0.0,0.0
mrna-NM_003340_30,0.0,0.0,0.0,0.0,0.0,0.0
NM_00255987,0.0,0.0,0.0,0.0,0.0,0.0
NM_015213_49,0.0,0.0,0.0,0.0,0.0,0.0
XM_371822_126,0.0,0.0,0.0,0.0,0.0,0.0
mrna-NM_003344_51,0.0,0.0,0.0,0.0,0.0,0.0
mrna-BD135193_33,0.0,0.0,0.0,0.0,0.0,0.0
NM_00635753,0.0,0.0,0.0,0.0,0.0,0.0
NM_015213_36,0.0,0.0,0.0,0.0,0.0,0.0
mrna-NM_004359_47,0.0,0.0,0.0,0.0,0.0,0.0
U4729833,0.0,0.0,0.0,0.0,0.0,0.0
mrna-NM_003340_55,0.0,0.0,0.0,0.0,0.0,0.0
NM_015213_84,0.0,0.0,0.0,0.0,0.0,0.0
NM_004223_45,0.0,0.0,0.0,0.0,0.0,0.0
mrna-BD135193_56,0.0,0.0,0.0,0.0,0.0,0.0
NM_003345_56,0.0,0.0,0.0,0.0,0.0,0.0
mrna-NM_003340_17,0.0,0.0,0.0,0.0,0.0,0.0
U47298102,0.0,0.0,0.0,0.0,0.0,0.0
NM_00635767,0.0,0.0,0.0,0.0,0.0,0.0
X759325,0.0,0.0,0.0,0.0,0.0,0.0
NM_00701931,0.0,0.0,0.0,0.0,0.0,0.0
XM_371822_3,0.0,0.0,0.0,0.0,0.0,0.0
mrna-NM_003337_53,0.0,0.0,0.0,0.0,0.0,0.0
mrna-NM_003344_67,0.0,0.0,0.0,0.0,0.0,0.0
mrna-BD135193_40,0.0,0.0,0.0,0.0,0.0,0.0
mrna-NM_003340_13,0.0,0.0,0.0,0.0,0.0,0.0
AH00149815,0.0,0.0,0.0,0.0,0.0,0.0
mrna-BD135193_55,0.0,0.0,0.0,0.0,0.0,0.0
mrna-NM_004359_20,0.0,0.0,0.0,0.0,0.0,0.0
NM_0070197,0.0,0.0,0.0,0.0,0.0,0.0
NM_00334269,0.0,0.0,0.0,0.0,0.0,0.0
U472964,0.0,0.0,0.0,0.0,0.0,0.0
X759329,0.0,0.0,0.0,0.0,0.0,0.0
XM_371822_38,0.0,0.0,0.0,0.0,0.0,0.0
NM_015213_71,0.0,0.0,0.0,0.0,0.0,0.0
mrna-BD135193_53,0.0,0.0,0.0,0.0,0.0,0.0
U47298106,0.0,0.0,0.0,0.0,0.0,0.0
NM_003347_26,0.0,0.0,0.0,0.0,0.0,0.0
NM_00334214,0.0,0.0,0.0,0.0,0.0,0.0
NM_004223_70,0.0,0.0,0.0,0.0,0.0,0.0
NM_004223_55,0.0,0.0,0.0,0.0,0.0,0.0
NM_00334828,0.0,0.0,0.0,0.0,0.0,0.0
mrna-NM_003337_14,0.0,0.0,0.0,0.0,0.0,0.0
NM_004223_31,0.0,0.0,0.0,0.0,0.0,0.0
NM_00100148133,0.0,0.0,0.0,0.0,0.0,0.0
NM_004223_72,0.0,0.0,0.0,0.0,0.0,0.0
U4729856,0.0,0.0,0.0,0.0,0.0,0.0
NM_00545041,0.0,0.0,0.0,0.0,0.0,0.0
NM_00701943,0.0,0.0,0.0,0.0,0.0,0.0
mrna-NM_003344_25,0.0,0.0,0.0,0.0,0.0,0.0
NM_014501_21,0.0,0.0,0.0,0.0,0.0,0.0
U4729897,0.0,0.0,0.0,0.0,0.0,0.0
mrna-NM_003337_49,0.0,0.0,0.0,0.0,0.0,0.0
NM_00635774,0.0,0.0,0.0,0.0,0.0,0.0
XM_371822_18,0.0,0.0,0.0,0.0,0.0,0.0
NM_015213_25,0.0,0.0,0.0,0.0,0.0,0.0
U47298107,0.0,0.0,0.0,0.0,0.0,0.0
NM_014501_65,0.0,0.0,0.0,0.0,0.0,0.0
NM_003345_59,0.0,0.0,0.0,0.0,0.0,0.0
NM_016406_40,0.0,0.0,0.0,0.0,0.0,0.0
NM_003347_6,0.0,0.0,0.0,0.0,0.0,0.0
NM_003345_18,0.0,0.0,0.0,0.0,0.0,0.0
U4729838,0.0,0.0,0.0,0.0,0.0,0.0
U4729835,0.0,0.0,0.0,0.0,0.0,0.0
U4729891,0.0,0.0,0.0,0.0,0.0,0.0
NM_014501_69,0.0,0.0,0.0,0.0,0.0,0.0
XM_371822_52,0.0,0.0,0.0,0.0,0.0,0.0
mrna-NM_003340_64,0.0,0.0,0.0,0.0,0.0,0.0
NM_00334875,0.0,0.0,0.0,0.0,0.0,0.0
mrna-BD135193_37,0.0,0.0,0.0,0.0,0.0,0.0
mrna-BD135193_50,0.0,0.0,0.0,0.0,0.0,0.0
NM_01417635,0.0,0.0,0.0,0.0,0.0,0.0
NM_00701923,0.0,0.0,0.0,0.0,0.0,0.0
U4729832,0.0,0.0,0.0,0.0,0.0,0.0
NM_01417632,0.0,0.0,0.0,0.0,0.0,0.0
NM_003347_1,0.0,0.0,0.0,0.0,0.0,0.0
NM_015213_124,0.0,0.0,0.0,0.0,0.0,0.0
XM_371822_106,0.0,0.0,0.0,0.0,0.0,0.0
mrna-NM_003340_85,0.0,0.0,0.0,0.0,0.0,0.0
NM_00334235,0.0,0.0,0.0,0.0,0.0,0.0
NM_004223_16,0.0,0.0,0.0,0.0,0.0,0.0
XM_371822_78,0.0,0.0,0.0,0.0,0.0,0.0
NM_00701954,0.0,0.0,0.0,0.0,0.0,0.0
NM_014501_35,0.0,0.0,0.0,0.0,0.0,0.0
NM_00635766,0.0,0.0,0.0,0.0,0.0,0.0
mrna-NM_003337_76,0.0,0.0,0.0,0.0,0.0,0.0
NM_00545025,0.0,0.0,0.0,0.0,0.0,0.0
NM_00255956,0.0,0.0,0.0,0.0,0.0,0.0
NM_00701966,0.0,0.0,0.0,0.0,0.0,0.0
NM_014501_22,0.0,0.0,0.0,0.0,0.0,0.0
NM_014501_52,0.0,0.0,0.0,0.0,0.0,0.0
NM_00100148138,0.0,0.0,0.0,0.0,0.0,0.0
AH00149831,0.0,0.0,0.0,0.0,0.0,0.0
NM_00635751,0.0,0.0,0.0,0.0,0.0,0.0
NM_015213_23,0.0,0.0,0.0,0.0,0.0,0.0
NM_004223_61,0.0,0.0,0.0,0.0,0.0,0.0
NM_016406_6,0.0,0.0,0.0,0.0,0.0,0.0
mrna-NM_003337_55,0.0,0.0,0.0,0.0,0.0,0.0
NM_00255966,0.0,0.0,0.0,0.0,0.0,0.0
mrna,0.0,0.0,0.0,0.0,0.0,0.0
mrna-NM_003340_31,0.0,0.0,0.0,0.0,0.0,0.0
XM_371822_111,0.0,0.0,0.0,0.0,0.0,0.0
mrna-NM_004359_46,0.0,0.0,0.0,0.0,0.0,0.0
NM_0033426,0.0,0.0,0.0,0.0,0.0,0.0
NM_00334212,0.0,0.0,0.0,0.0,0.0,0.0
mrna-NM_003337_32,0.0,0.0,0.0,0.0,0.0,0.0
NM_0033481,0.0,0.0,0.0,0.0,0.0,0.0
NM_01417623,0.0,0.0,0.0,0.0,0.0,0.0
NM_016406_59,0.0,0.0,0.0,0.0,0.0,0.0
X759322,0.0,0.0,0.0,0.0,0.0,0.0
mrna-NM_003344_66,0.0,0.0,0.0,0.0,0.0,0.0
NM_01602148,0.0,0.0,0.0,0.0,0.0,0.0
mrna-NM_003344_58,0.0,0.0,0.0,0.0,0.0,0.0
NM_014501_54,0.0,0.0,0.0,0.0,0.0,0.0
NM_00334876,0.0,0.0,0.0,0.0,0.0,0.0
XM_371822_112,0.0,0.0,0.0,0.0,0.0,0.0
XM_371822_71,0.0,0.0,0.0,0.0,0.0,0.0
NM_004223_3,0.0,0.0,0.0,0.0,0.0,0.0
NM_00255960,0.0,0.0,0.0,0.0,0.0,0.0
NM_00701968,0.0,0.0,0.0,0.0,0.0,0.0
NM_00100148130,0.0,0.0,0.0,0.0,0.0,0.0
NM_00545061,0.0,0.0,0.0,0.0,0.0,0.0
NM_00701940,0.0,0.0,0.0,0.0,0.0,0.0
mrna-NM_003344_61,0.0,0.0,0.0,0.0,0.0,0.0
U472988,0.0,0.0,0.0,0.0,0.0,0.0
U4729879,0.0,0.0,0.0,0.0,0.0,0.0
NM_003347_20,0.0,0.0,0.0,0.0,0.0,0.0
NM_003347_38,0.0,0.0,0.0,0.0,0.0,0.0
NM_015213_34,0.0,0.0,0.0,0.0,0.0,0.0
U4729877,0.0,0.0,0.0,0.0,0.0,0.0
NM_00255931,0.0,0.0,0.0,0.0,0.0,0.0
NM_01417673,0.0,0.0,0.0,0.0,0.0,0.0
NM_00100148166,0.0,0.0,0.0,0.0,0.0,0.0
NM_01417640,0.0,0.0,0.0,0.0,0.0,0.0
U4729868,0.0,0.0,0.0,0.0,0.0,0.0
mrna-NM_003337_1,0.0,0.0,0.0,0.0,0.0,0.0
NM_01417662,0.0,0.0,0.0,0.0,0.0,0.0
NM_015213_119,0.0,0.0,0.0,0.0,0.0,0.0
XM_371822_10,0.0,0.0,0.0,0.0,0.0,0.0
mrna-NM_003344_41,0.0,0.0,0.0,0.0,0.0,0.0
NM_015213_5,0.0,0.0,0.0,0.0,0.0,0.0
NM_01417658,0.0,0.0,0.0,0.0,0.0,0.0
NM_0033486,0.0,0.0,0.0,0.0,0.0,0.0
U4729870,0.0,0.0,0.0,0.0,0.0,0.0
mrna-NM_003344_13,0.0,0.0,0.0,0.0,0.0,0.0
NM_004223_15,0.0,0.0,0.0,0.0,0.0,0.0
NM_00334866,0.0,0.0,0.0,0.0,0.0,0.0
NM_003345_37,0.0,0.0,0.0,0.0,0.0,0.0
XM_371822_131,0.0,0.0,0.0,0.0,0.0,0.0
J30312_7,0.0,0.0,0.0,0.0,0.0,0.0
XM_371822_91,0.0,0.0,0.0,0.0,0.0,0.0
U4729852,0.0,0.0,0.0,0.0,0.0,0.0
mrna-NM_004359_1,0.0,0.0,0.0,0.0,0.0,0.0
NM_00334817,0.0,0.0,0.0,0.0,0.0,0.0
U47298108,0.0,0.0,0.0,0.0,0.0,0.0
NM_01417663,0.0,0.0,0.0,0.0,0.0,0.0
mrna-BD135193_21,0.0,0.0,0.0,0.0,0.0,0.0
mrna-NM_004359_29,0.0,0.0,0.0,0.0,0.0,0.0
NM_00255968,0.0,0.0,0.0,0.0,0.0,0.0
mrna-NM_003337_38,0.0,0.0,0.0,0.0,0.0,0.0
NM_0033427,0.0,0.0,0.0,0.0,0.0,0.0
NM_015213_26,0.0,0.0,0.0,0.0,0.0,0.0
U472966,0.0,0.0,0.0,0.0,0.0,0.0
XM_371822_47,0.0,0.0,0.0,0.0,0.0,0.0
U4729898,0.0,0.0,0.0,0.0,0.0,0.0
NM_003347_4,0.0,0.0,0.0,0.0,0.0,0.0
NM_003347_45,0.0,0.0,0.0,0.0,0.0,0.0
NM_0054503,0.0,0.0,0.0,0.0,0.0,0.0
NM_004223_38,0.0,0.0,0.0,0.0,0.0,0.0
NM_00100148113,0.0,0.0,0.0,0.0,0.0,0.0
mrna-NM_003340_34,0.0,0.0,0.0,0.0,0.0,0.0
NM_0141769,0.0,0.0,0.0,0.0,0.0,0.0
NM_015213_98,0.0,0.0,0.0,0.0,0.0,0.0
NM_00334855,0.0,0.0,0.0,0.0,0.0,0.0
U4729875,0.0,0.0,0.0,0.0,0.0,0.0
mrna-NM_003340_7,0.0,0.0,0.0,0.0,0.0,0.0
NM_004223_23,0.0,0.0,0.0,0.0,0.0,0.0
NM_00255977,0.0,0.0,0.0,0.0,0.0,0.0
NM_00334810,0.0,0.0,0.0,0.0,0.0,0.0
NM_00334274,0.0,0.0,0.0,0.0,0.0,0.0
NM_01602120,0.0,0.0,0.0,0.0,0.0,0.0
NM_016406_56,0.0,0.0,0.0,0.0,0.0,0.0
NM_00545046,0.0,0.0,0.0,0.0,0.0,0.0
NM_00334851,0.0,0.0,0.0,0.0,0.0,0.0
NM_00255950,0.0,0.0,0.0,0.0,0.0,0.0
mrna-NM_003344_1,0.0,0.0,0.0,0.0,0.0,0.0
NM_015213_48,0.0,0.0,0.0,0.0,0.0,0.0
NM_01602118,0.0,0.0,0.0,0.0,0.0,0.0
XM_371822_98,0.0,0.0,0.0,0.0,0.0,0.0
NM_00701973,0.0,0.0,0.0,0.0,0.0,0.0
NM_0205482,0.0,0.0,0.0,0.0,0.0,0.0
NM_00100148125,0.0,0.0,0.0,0.0,0.0,0.0
NM_00255978,0.0,0.0,0.0,0.0,0.0,0.0
NM_014501_10,0.0,0.0,0.0,0.0,0.0,0.0
U4729887,0.0,0.0,0.0,0.0,0.0,0.0
NM_00255923,0.0,0.0,0.0,0.0,0.0,0.0
NM_003345_22,0.0,0.0,0.0,0.0,0.0,0.0
NM_0141767,0.0,0.0,0.0,0.0,0.0,0.0
NM_00334839,0.0,0.0,0.0,0.0,0.0,0.0
NM_015213_108,0.0,0.0,0.0,0.0,0.0,0.0
NM_003345_42,0.0,0.0,0.0,0.0,0.0,0.0
NM_0141765,0.0,0.0,0.0,0.0,0.0,0.0
NM_016406_37,0.0,0.0,0.0,0.0,0.0,0.0
NM_004223_35,0.0,0.0,0.0,0.0,0.0,0.0
NM_00334819,0.0,0.0,0.0,0.0,0.0,0.0
NM_00100148117,0.0,0.0,0.0,0.0,0.0,0.0
mrna-BD135193_7,0.0,0.0,0.0,0.0,0.0,0.0
mrna-NM_003344_45,0.0,0.0,0.0,0.0,0.0,0.0
NM_004223_14,0.0,0.0,0.0,0.0,0.0,0.0
mrna-NM_003337_41,0.0,0.0,0.0,0.0,0.0,0.0
NM_00255939,0.0,0.0,0.0,0.0,0.0,0.0
NM_014501_75,0.0,0.0,0.0,0.0,0.0,0.0
U47298110,0.0,0.0,0.0,0.0,0.0,0.0
NM_015213_59,0.0,0.0,0.0,0.0,0.0,0.0
NM_016406_64,0.0,0.0,0.0,0.0,0.0,0.0
mrna-BD135193_19,0.0,0.0,0.0,0.0,0.0,0.0
NM_014501_15,0.0,0.0,0.0,0.0,0.0,0.0
mrna-NM_004359_3,0.0,0.0,0.0,0.0,0.0,0.0
NM_015213_76,0.0,0.0,0.0,0.0,0.0,0.0
NM_015213_96,0.0,0.0,0.0,0.0,0.0,0.0
NM_00334813,0.0,0.0,0.0,0.0,0.0,0.0
NM_003345_54,0.0,0.0,0.0,0.0,0.0,0.0
NM_0033422,0.0,0.0,0.0,0.0,0.0,0.0
NM_003345_31,0.0,0.0,0.0,0.0,0.0,0.0
J30312_15,0.0,0.0,0.0,0.0,0.0,0.0
NM_003347_35,0.0,0.0,0.0,0.0,0.0,0.0
NM_014501_24,0.0,0.0,0.0,0.0,0.0,0.0
NM_014501_72,0.0,0.0,0.0,0.0,0.0,0.0
NM_0020468,0.0,0.0,0.0,0.0,0.0,0.0
NM_004223_49,0.0,0.0,0.0,0.0,0.0,0.0
NM_004223_27,0.0,0.0,0.0,0.0,0.0,0.0
NM_00545015,0.0,0.0,0.0,0.0,0.0,0.0
mrna-NM_004359_28,0.0,0.0,0.0,0.0,0.0,0.0
NM_0010014812,0.0,0.0,0.0,0.0,0.0,0.0
mrna-NM_003344_68,0.0,0.0,0.0,0.0,0.0,0.0
NM_015213_53,0.0,0.0,0.0,0.0,0.0,0.0
NM_01417636,0.0,0.0,0.0,0.0,0.0,0.0
NM_00255932,0.0,0.0,0.0,0.0,0.0,0.0
NM_00635744,0.0,0.0,0.0,0.0,0.0,0.0
NM_00545048,0.0,0.0,0.0,0.0,0.0,0.0
NM_00334270,0.0,0.0,0.0,0.0,0.0,0.0
mrna-NM_003344_40,0.0,0.0,0.0,0.0,0.0,0.0
NM_004223_65,0.0,0.0,0.0,0.0,0.0,0.0
NM_003345_16,0.0,0.0,0.0,0.0,0.0,0.0
XM_371822_24,0.0,0.0,0.0,0.0,0.0,0.0
XM_371822_130,0.0,0.0,0.0,0.0,0.0,0.0
mrna-NM_004359_38,0.0,0.0,0.0,0.0,0.0,0.0
NM_00334268,0.0,0.0,0.0,0.0,0.0,0.0
NM_0160216,0.0,0.0,0.0,0.0,0.0,0.0
NM_01417620,0.0,0.0,0.0,0.0,0.0,0.0
NM_01417653,0.0,0.0,0.0,0.0,0.0,0.0
mrna-NM_003337_24,0.0,0.0,0.0,0.0,0.0,0.0
NM_003345_64,0.0,0.0,0.0,0.0,0.0,0.0
mrna-NM_003340_36,0.0,0.0,0.0,0.0,0.0,0.0
NM_003347_12,0.0,0.0,0.0,0.0,0.0,0.0
NM_01602115,0.0,0.0,0.0,0.0,0.0,0.0
NM_0141766,0.0,0.0,0.0,0.0,0.0,0.0
NM_01417670,0.0,0.0,0.0,0.0,0.0,0.0
NM_0025598,0.0,0.0,0.0,0.0,0.0,0.0
NM_01417626,0.0,0.0,0.0,0.0,0.0,0.0
U4729862,0.0,0.0,0.0,0.0,0.0,0.0
NM_0054501,0.0,0.0,0.0,0.0,0.0,0.0
mrna-NM_003337_48,0.0,0.0,0.0,0.0,0.0,0.0
mrna-NM_003337_74,0.0,0.0,0.0,0.0,0.0,0.0
NM_015213_66,0.0,0.0,0.0,0.0,0.0,0.0
J30312_24,0.0,0.0,0.0,0.0,0.0,0.0
mrna-NM_003340_56,0.0,0.0,0.0,0.0,0.0,0.0
NM_00334236,0.0,0.0,0.0,0.0,0.0,0.0
NM_0033421,0.0,0.0,0.0,0.0,0.0,0.0
mrna-NM_004359_15,0.0,0.0,0.0,0.0,0.0,0.0
NM_003345_47,0.0,0.0,0.0,0.0,0.0,0.0
XM_371822_56,0.0,0.0,0.0,0.0,0.0,0.0
NM_00100148153,0.0,0.0,0.0,0.0,0.0,0.0
NM_003347_50,0.0,0.0,0.0,0.0,0.0,0.0
NM_0010014813,0.0,0.0,0.0,0.0,0.0,0.0
mrna-NM_003340_45,0.0,0.0,0.0,0.0,0.0,0.0
AH00149840,0.0,0.0,0.0,0.0,0.0,0.0
XM_371822_28,0.0,0.0,0.0,0.0,0.0,0.0
NM_00100148147,0.0,0.0,0.0,0.0,0.0,0.0
NM_014501_78,0.0,0.0,0.0,0.0,0.0,0.0
NM_01417647,0.0,0.0,0.0,0.0,0.0,0.0
NM_003347_32,0.0,0.0,0.0,0.0,0.0,0.0
U472986,0.0,0.0,0.0,0.0,0.0,0.0
NM_00545044,0.0,0.0,0.0,0.0,0.0,0.0
NM_00334227,0.0,0.0,0.0,0.0,0.0,0.0
NM_00255921,0.0,0.0,0.0,0.0,0.0,0.0
XM_371822_105,0.0,0.0,0.0,0.0,0.0,0.0
mrna-NM_003340_71,0.0,0.0,0.0,0.0,0.0,0.0
XM_371822_35,0.0,0.0,0.0,0.0,0.0,0.0
XM_371822_32,0.0,0.0,0.0,0.0,0.0,0.0
mrna-NM_004359_23,0.0,0.0,0.0,0.0,0.0,0.0
U4729812,0.0,0.0,0.0,0.0,0.0,0.0
NM_00701918,0.0,0.0,0.0,0.0,0.0,0.0
NM_015213_111,0.0,0.0,0.0,0.0,0.0,0.0
NM_015213_54,0.0,0.0,0.0,0.0,0.0,0.0
U4729823,0.0,0.0,0.0,0.0,0.0,0.0
NM_00701958,0.0,0.0,0.0,0.0,0.0,0.0
NM_004223_5,0.0,0.0,0.0,0.0,0.0,0.0
mrna-NM_003340_63,0.0,0.0,0.0,0.0,0.0,0.0
AH00149835,0.0,0.0,0.0,0.0,0.0,0.0
NM_003347_30,0.0,0.0,0.0,0.0,0.0,0.0
NM_01417646,0.0,0.0,0.0,0.0,0.0,0.0
mrna-NM_003340_14,0.0,0.0,0.0,0.0,0.0,0.0
XM_371822_144,0.0,0.0,0.0,0.0,0.0,0.0
mrna-NM_003340_16,0.0,0.0,0.0,0.0,0.0,0.0
NM_00334818,0.0,0.0,0.0,0.0,0.0,0.0
NM_00701941,0.0,0.0,0.0,0.0,0.0,0.0
NM_00701935,0.0,0.0,0.0,0.0,0.0,0.0
NM_014501_33,0.0,0.0,0.0,0.0,0.0,0.0
NM_003345_3,0.0,0.0,0.0,0.0,0.0,0.0
NM_00701930,0.0,0.0,0.0,0.0,0.0,0.0
NM_003345_33,0.0,0.0,0.0,0.0,0.0,0.0
NM_016406_42,0.0,0.0,0.0,0.0,0.0,0.0
NM_01417642,0.0,0.0,0.0,0.0,0.0,0.0
NM_01602140,0.0,0.0,0.0,0.0,0.0,0.0
NM_004223_51,0.0,0.0,0.0,0.0,0.0,0.0
NM_016406_36,0.0,0.0,0.0,0.0,0.0,0.0
NM_015213_62,0.0,0.0,0.0,0.0,0.0,0.0
NM_004223_22,0.0,0.0,0.0,0.0,0.0,0.0
mrna-BD135193_35,0.0,0.0,0.0,0.0,0.0,0.0
mrna-BD135193_30,0.0,0.0,0.0,0.0,0.0,0.0
mrna-NM_003344_59,0.0,0.0,0.0,0.0,0.0,0.0
mrna-BD135193_47,0.0,0.0,0.0,0.0,0.0,0.0
AH00149811,0.0,0.0,0.0,0.0,0.0,0.0
NM_00100148169,0.0,0.0,0.0,0.0,0.0,0.0
NM_015213_89,0.0,0.0,0.0,0.0,0.0,0.0
U4729819,0.0,0.0,0.0,0.0,0.0,0.0
NM_01417669,0.0,0.0,0.0,0.0,0.0,0.0
NM_00255924,0.0,0.0,0.0,0.0,0.0,0.0
NM_015213_12,0.0,0.0,0.0,0.0,0.0,0.0
XM_371822_110,0.0,0.0,0.0,0.0,0.0,0.0
NM_00701951,0.0,0.0,0.0,0.0,0.0,0.0
NM_00100148148,0.0,0.0,0.0,0.0,0.0,0.0
NM_014501_55,0.0,0.0,0.0,0.0,0.0,0.0
NM_00334247,0.0,0.0,0.0,0.0,0.0,0.0
mrna-NM_003344_18,0.0,0.0,0.0,0.0,0.0,0.0
NM_00635741,0.0,0.0,0.0,0.0,0.0,0.0
NM_003345_13,0.0,0.0,0.0,0.0,0.0,0.0
mrna-NM_003340_84,0.0,0.0,0.0,0.0,0.0,0.0
NM_00334275,0.0,0.0,0.0,0.0,0.0,0.0
NM_01602145,0.0,0.0,0.0,0.0,0.0,0.0
NM_00545021,0.0,0.0,0.0,0.0,0.0,0.0
mrna-NM_003337_18,0.0,0.0,0.0,0.0,0.0,0.0
mrna-NM_003340_80,0.0,0.0,0.0,0.0,0.0,0.0
NM_01417629,0.0,0.0,0.0,0.0,0.0,0.0
NM_015213_93,0.0,0.0,0.0,0.0,0.0,0.0
NM_00334872,0.0,0.0,0.0,0.0,0.0,0.0
NM_01417644,0.0,0.0,0.0,0.0,0.0,0.0
XM_371822_140,0.0,0.0,0.0,0.0,0.0,0.0
NM_00100148121,0.0,0.0,0.0,0.0,0.0,0.0
NM_01417612,0.0,0.0,0.0,0.0,0.0,0.0
NM_015213_120,0.0,0.0,0.0,0.0,0.0,0.0
NM_01417648,0.0,0.0,0.0,0.0,0.0,0.0
NM_003345_15,0.0,0.0,0.0,0.0,0.0,0.0
mrna-NM_003337_65,0.0,0.0,0.0,0.0,0.0,0.0
NM_0205486,0.0,0.0,0.0,0.0,0.0,0.0
XM_371822_59,0.0,0.0,0.0,0.0,0.0,0.0
NM_004223_56,0.0,0.0,0.0,0.0,0.0,0.0
NM_0025599,0.0,0.0,0.0,0.0,0.0,0.0
mrna-BD135193_48,0.0,0.0,0.0,0.0,0.0,0.0
X7593210,0.0,0.0,0.0,0.0,0.0,0.0
mrna-NM_003340_10,0.0,0.0,0.0,0.0,0.0,0.0
AH00149829,0.0,0.0,0.0,0.0,0.0,0.0
XM_371822_51,0.0,0.0,0.0,0.0,0.0,0.0
mrna-NM_003340_11,0.0,0.0,0.0,0.0,0.0,0.0
U4729831,0.0,0.0,0.0,0.0,0.0,0.0
mrna-BD135193_52,0.0,0.0,0.0,0.0,0.0,0.0
NM_00334857,0.0,0.0,0.0,0.0,0.0,0.0
NM_0033425,0.0,0.0,0.0,0.0,0.0,0.0
NM_0063576,0.0,0.0,0.0,0.0,0.0,0.0
NM_015213_39,0.0,0.0,0.0,0.0,0.0,0.0
U4729824,0.0,0.0,0.0,0.0,0.0,0.0
U4729830,0.0,0.0,0.0,0.0,0.0,0.0
NM_01417654,0.0,0.0,0.0,0.0,0.0,0.0
XM_371822_60,0.0,0.0,0.0,0.0,0.0,0.0
NM_016406_26,0.0,0.0,0.0,0.0,0.0,0.0
NM_003347_33,0.0,0.0,0.0,0.0,0.0,0.0
mrna-NM_004359_27,0.0,0.0,0.0,0.0,0.0,0.0
NM_00334853,0.0,0.0,0.0,0.0,0.0,0.0
NM_00100148157,0.0,0.0,0.0,0.0,0.0,0.0
NM_00334836,0.0,0.0,0.0,0.0,0.0,0.0
mrna-NM_003340_70,0.0,0.0,0.0,0.0,0.0,0.0
NM_00334873,0.0,0.0,0.0,0.0,0.0,0.0
NM_004223_39,0.0,0.0,0.0,0.0,0.0,0.0
mrna-NM_003344_8,0.0,0.0,0.0,0.0,0.0,0.0
NM_00545028,0.0,0.0,0.0,0.0,0.0,0.0
mrna-NM_004359_55,0.0,0.0,0.0,0.0,0.0,0.0
mrna-NM_003344_2,0.0,0.0,0.0,0.0,0.0,0.0
NM_01417655,0.0,0.0,0.0,0.0,0.0,0.0
NM_00334276,0.0,0.0,0.0,0.0,0.0,0.0
NM_00334835,0.0,0.0,0.0,0.0,0.0,0.0
mrna-NM_003344_28,0.0,0.0,0.0,0.0,0.0,0.0
mrna-NM_003340_54,0.0,0.0,0.0,0.0,0.0,0.0
XM_371822_102,0.0,0.0,0.0,0.0,0.0,0.0
NM_00100148136,0.0,0.0,0.0,0.0,0.0,0.0
NM_015213_52,0.0,0.0,0.0,0.0,0.0,0.0
XM_371822_96,0.0,0.0,0.0,0.0,0.0,0.0
AH00149818,0.0,0.0,0.0,0.0,0.0,0.0
NM_00100148119,0.0,0.0,0.0,0.0,0.0,0.0
mrna-NM_003337_60,0.0,0.0,0.0,0.0,0.0,0.0
mrna-NM_003337_2,0.0,0.0,0.0,0.0,0.0,0.0
mrna-NM_003344_43,0.0,0.0,0.0,0.0,0.0,0.0
mrna-NM_003337_28,0.0,0.0,0.0,0.0,0.0,0.0
NM_00100148114,0.0,0.0,0.0,0.0,0.0,0.0
mrna-NM_003344_9,0.0,0.0,0.0,0.0,0.0,0.0
NM_015213_33,0.0,0.0,0.0,0.0,0.0,0.0
U4729882,0.0,0.0,0.0,0.0,0.0,0.0
NM_00545045,0.0,0.0,0.0,0.0,0.0,0.0
NM_00255942,0.0,0.0,0.0,0.0,0.0,0.0
XM_371822_66,0.0,0.0,0.0,0.0,0.0,0.0
NM_015213_10,0.0,0.0,0.0,0.0,0.0,0.0
NM_01417657,0.0,0.0,0.0,0.0,0.0,0.0
NM_00334821,0.0,0.0,0.0,0.0,0.0,0.0
U4729869,0.0,0.0,0.0,0.0,0.0,0.0
NM_015213_11,0.0,0.0,0.0,0.0,0.0,0.0
U4729874,0.0,0.0,0.0,0.0,0.0,0.0
NM_003347_40,0.0,0.0,0.0,0.0,0.0,0.0
NM_014501_3,0.0,0.0,0.0,0.0,0.0,0.0
NM_00100148158,0.0,0.0,0.0,0.0,0.0,0.0
NM_01602128,0.0,0.0,0.0,0.0,0.0,0.0
NM_00545065,0.0,0.0,0.0,0.0,0.0,0.0
mrna-NM_003340_6,0.0,0.0,0.0,0.0,0.0,0.0
NM_00701974,0.0,0.0,0.0,0.0,0.0,0.0
J30312_23,0.0,0.0,0.0,0.0,0.0,0.0
NM_0205484,0.0,0.0,0.0,0.0,0.0,0.0
NM_004223_67,0.0,0.0,0.0,0.0,0.0,0.0
mrna-NM_003337_33,0.0,0.0,0.0,0.0,0.0,0.0
NM_00334822,0.0,0.0,0.0,0.0,0.0,0.0
NM_003345_57,0.0,0.0,0.0,0.0,0.0,0.0
NM_00255971,0.0,0.0,0.0,0.0,0.0,0.0
NM_015213_72,0.0,0.0,0.0,0.0,0.0,0.0
mrna-BD135193_10,0.0,0.0,0.0,0.0,0.0,0.0
NM_00635713,0.0,0.0,0.0,0.0,0.0,0.0
NM_00100148141,0.0,0.0,0.0,0.0,0.0,0.0
NM_00635762,0.0,0.0,0.0,0.0,0.0,0.0
NM_01602135,0.0,0.0,0.0,0.0,0.0,0.0
NM_004223_62,0.0,0.0,0.0,0.0,0.0,0.0
NM_004223_53,0.0,0.0,0.0,0.0,0.0,0.0
NM_015213_14,0.0,0.0,0.0,0.0,0.0,0.0
NM_00701950,0.0,0.0,0.0,0.0,0.0,0.0
mrna-BD135193_24,0.0,0.0,0.0,0.0,0.0,0.0
mrna-BD135193_43,0.0,0.0,0.0,0.0,0.0,0.0
NM_015213_103,0.0,0.0,0.0,0.0,0.0,0.0
NM_00545071,0.0,0.0,0.0,0.0,0.0,0.0
U4729885,0.0,0.0,0.0,0.0,0.0,0.0
U4729853,0.0,0.0,0.0,0.0,0.0,0.0
mrna-NM_003340_29,0.0,0.0,0.0,0.0,0.0,0.0
AH00149834,0.0,0.0,0.0,0.0,0.0,0.0
J30312_16,0.0,0.0,0.0,0.0,0.0,0.0
X759323,0.0,0.0,0.0,0.0,0.0,0.0
NM_016406_3,0.0,0.0,0.0,0.0,0.0,0.0
NM_01602123,0.0,0.0,0.0,0.0,0.0,0.0
NM_003347_8,0.0,0.0,0.0,0.0,0.0,0.0
mrna-BD135193_25,0.0,0.0,0.0,0.0,0.0,0.0
NM_014501_43,0.0,0.0,0.0,0.0,0.0,0.0
mrna-NM_003337_45,0.0,0.0,0.0,0.0,0.0,0.0
mrna-NM_003344_52,0.0,0.0,0.0,0.0,0.0,0.0
NM_014501_6,0.0,0.0,0.0,0.0,0.0,0.0
mrna-NM_003340_77,0.0,0.0,0.0,0.0,0.0,0.0
NM_00701976,0.0,0.0,0.0,0.0,0.0,0.0
NM_016406_1,0.0,0.0,0.0,0.0,0.0,0.0
XM_371822_6,0.0,0.0,0.0,0.0,0.0,0.0
NM_003345_7,0.0,0.0,0.0,0.0,0.0,0.0
NM_004223_43,0.0,0.0,0.0,0.0,0.0,0.0
NM_0025597,0.0,0.0,0.0,0.0,0.0,0.0
mrna-NM_003340_19,0.0,0.0,0.0,0.0,0.0,0.0
NM_003345_34,0.0,0.0,0.0,0.0,0.0,0.0
U47298122,0.0,0.0,0.0,0.0,0.0,0.0
NM_00255964,0.0,0.0,0.0,0.0,0.0,0.0
NM_00334234,0.0,0.0,0.0,0.0,0.0,0.0
NM_00255986,0.0,0.0,0.0,0.0,0.0,0.0
NM_00701928,0.0,0.0,0.0,0.0,0.0,0.0
mrna-BD135193_18,0.0,0.0,0.0,0.0,0.0,0.0
NM_015213_125,0.0,0.0,0.0,0.0,0.0,0.0
NM_014501_11,0.0,0.0,0.0,0.0,0.0,0.0
NM_00255934,0.0,0.0,0.0,0.0,0.0,0.0
mrna-NM_003337_21,0.0,0.0,0.0,0.0,0.0,0.0
J30312_37,0.0,0.0,0.0,0.0,0.0,0.0
NM_003345_40,0.0,0.0,0.0,0.0,0.0,0.0
NM_016406_32,0.0,0.0,0.0,0.0,0.0,0.0
NM_00635743,0.0,0.0,0.0,0.0,0.0,0.0
mrna-BD135193_28,0.0,0.0,0.0,0.0,0.0,0.0
mrna-NM_004359_42,0.0,0.0,0.0,0.0,0.0,0.0
NM_016406_22,0.0,0.0,0.0,0.0,0.0,0.0
U4729864,0.0,0.0,0.0,0.0,0.0,0.0
NM_0054504,0.0,0.0,0.0,0.0,0.0,0.0
NM_01417622,0.0,0.0,0.0,0.0,0.0,0.0
mrna-NM_004359_53,0.0,0.0,0.0,0.0,0.0,0.0
U4729871,0.0,0.0,0.0,0.0,0.0,0.0
NM_00334824,0.0,0.0,0.0,0.0,0.0,0.0
NM_003345_43,0.0,0.0,0.0,0.0,0.0,0.0
J30312_26,0.0,0.0,0.0,0.0,0.0,0.0
NM_00701965,0.0,0.0,0.0,0.0,0.0,0.0
NM_016406_69,0.0,0.0,0.0,0.0,0.0,0.0
NM_00100148110,0.0,0.0,0.0,0.0,0.0,0.0
NM_003347_23,0.0,0.0,0.0,0.0,0.0,0.0
NM_003347_17,0.0,0.0,0.0,0.0,0.0,0.0
mrna-NM_003344_50,0.0,0.0,0.0,0.0,0.0,0.0
XM_371822_65,0.0,0.0,0.0,0.0,0.0,0.0
J30312_18,0.0,0.0,0.0,0.0,0.0,0.0
NM_004223_10,0.0,0.0,0.0,0.0,0.0,0.0
NM_016406_53,0.0,0.0,0.0,0.0,0.0,0.0
J30312_5,0.0,0.0,0.0,0.0,0.0,0.0
NM_0054508,0.0,0.0,0.0,0.0,0.0,0.0
mrna-NM_003337_22,0.0,0.0,0.0,0.0,0.0,0.0
mrna-NM_003340_61,0.0,0.0,0.0,0.0,0.0,0.0
mrna-NM_003337_73,0.0,0.0,0.0,0.0,0.0,0.0
NM_00635734,0.0,0.0,0.0,0.0,0.0,0.0
mrna-NM_003344_39,0.0,0.0,0.0,0.0,0.0,0.0
mrna-NM_003344_10,0.0,0.0,0.0,0.0,0.0,0.0
XM_371822_87,0.0,0.0,0.0,0.0,0.0,0.0
U4729840,0.0,0.0,0.0,0.0,0.0,0.0
NM_00334878,0.0,0.0,0.0,0.0,0.0,0.0
J30312_33,0.0,0.0,0.0,0.0,0.0,0.0
NM_015213_50,0.0,0.0,0.0,0.0,0.0,0.0
NM_015213_85,0.0,0.0,0.0,0.0,0.0,0.0
mrna-BD135193_4,0.0,0.0,0.0,0.0,0.0,0.0
AH0014985,0.0,0.0,0.0,0.0,0.0,0.0
mrna-NM_003340_87,0.0,0.0,0.0,0.0,0.0,0.0
NM_015213_56,0.0,0.0,0.0,0.0,0.0,0.0
NM_00255974,0.0,0.0,0.0,0.0,0.0,0.0
NM_00635722,0.0,0.0,0.0,0.0,0.0,0.0
NM_015213_35,0.0,0.0,0.0,0.0,0.0,0.0
NM_00545053,0.0,0.0,0.0,0.0,0.0,0.0
NM_00701922,0.0,0.0,0.0,0.0,0.0,0.0
J30312_2,0.0,0.0,0.0,0.0,0.0,0.0
mrna-NM_003340_41,0.0,0.0,0.0,0.0,0.0,0.0
NM_003345_55,0.0,0.0,0.0,0.0,0.0,0.0
NM_003347_42,0.0,0.0,0.0,0.0,0.0,0.0
NM_00334229,0.0,0.0,0.0,0.0,0.0,0.0
NM_004223_1,0.0,0.0,0.0,0.0,0.0,0.0
NM_004223_20,0.0,0.0,0.0,0.0,0.0,0.0
mrna-NM_003340_68,0.0,0.0,0.0,0.0,0.0,0.0
NM_00545020,0.0,0.0,0.0,0.0,0.0,0.0
NM_01602144,0.0,0.0,0.0,0.0,0.0,0.0
mrna-NM_004359_50,0.0,0.0,0.0,0.0,0.0,0.0
mrna-NM_004359_32,0.0,0.0,0.0,0.0,0.0,0.0
XM_371822_43,0.0,0.0,0.0,0.0,0.0,0.0
NM_00100148111,0.0,0.0,0.0,0.0,0.0,0.0
NM_003347_11,0.0,0.0,0.0,0.0,0.0,0.0
AH0014986,0.0,0.0,0.0,0.0,0.0,0.0
mrna-NM_003344_24,0.0,0.0,0.0,0.0,0.0,0.0
AH00149819,0.0,0.0,0.0,0.0,0.0,0.0
NM_00100148123,0.0,0.0,0.0,0.0,0.0,0.0
NM_00701914,0.0,0.0,0.0,0.0,0.0,0.0
NM_016406_66,0.0,0.0,0.0,0.0,0.0,0.0
NM_016406_28,0.0,0.0,0.0,0.0,0.0,0.0
NM_004223_25,0.0,0.0,0.0,0.0,0.0,0.0
mrna-BD135193_3,0.0,0.0,0.0,0.0,0.0,0.0
J30312_25,0.0,0.0,0.0,0.0,0.0,0.0
mrna-NM_003344_26,0.0,0.0,0.0,0.0,0.0,0.0
NM_0205485,0.0,0.0,0.0,0.0,0.0,0.0
NM_015213_116,0.0,0.0,0.0,0.0,0.0,0.0
NM_004223_48,0.0,0.0,0.0,0.0,0.0,0.0
U4729899,0.0,0.0,0.0,0.0,0.0,0.0
NM_00635760,0.0,0.0,0.0,0.0,0.0,0.0
NM_015213_87,0.0,0.0,0.0,0.0,0.0,0.0
NM_00334217,0.0,0.0,0.0,0.0,0.0,0.0
XM_371822_115,0.0,0.0,0.0,0.0,0.0,0.0
NM_00701953,0.0,0.0,0.0,0.0,0.0,0.0
U4729842,0.0,0.0,0.0,0.0,0.0,0.0
NM_016406_5,0.0,0.0,0.0,0.0,0.0,0.0
NM_00334865,0.0,0.0,0.0,0.0,0.0,0.0
NM_004223_54,0.0,0.0,0.0,0.0,0.0,0.0
AH0014987,0.0,0.0,0.0,0.0,0.0,0.0
U4729886,0.0,0.0,0.0,0.0,0.0,0.0
NM_014501_19,0.0,0.0,0.0,0.0,0.0,0.0
NM_004223_11,0.0,0.0,0.0,0.0,0.0,0.0
NM_00255926,0.0,0.0,0.0,0.0,0.0,0.0
mrna-NM_003344_37,0.0,0.0,0.0,0.0,0.0,0.0
mrna-NM_003340_35,0.0,0.0,0.0,0.0,0.0,0.0
XM_371822_69,0.0,0.0,0.0,0.0,0.0,0.0
NM_00255925,0.0,0.0,0.0,0.0,0.0,0.0
mrna-BD135193_38,0.0,0.0,0.0,0.0,0.0,0.0
AH00149814,0.0,0.0,0.0,0.0,0.0,0.0
U47298120,0.0,0.0,0.0,0.0,0.0,0.0
NM_0160217,0.0,0.0,0.0,0.0,0.0,0.0
NM_00334861,0.0,0.0,0.0,0.0,0.0,0.0
NM_016406_16,0.0,0.0,0.0,0.0,0.0,0.0
NM_0020462,0.0,0.0,0.0,0.0,0.0,0.0
NM_00334221,0.0,0.0,0.0,0.0,0.0,0.0
AH00149828,0.0,0.0,0.0,0.0,0.0,0.0
XM_371822_45,0.0,0.0,0.0,0.0,0.0,0.0
NM_00334230,0.0,0.0,0.0,0.0,0.0,0.0
U47298105,0.0,0.0,0.0,0.0,0.0,0.0
XM_371822_107,0.0,0.0,0.0,0.0,0.0,0.0
XM_371822_1,0.0,0.0,0.0,0.0,0.0,0.0
AH0014981,0.0,0.0,0.0,0.0,0.0,0.0
NM_00701952,0.0,0.0,0.0,0.0,0.0,0.0
NM_01417660,0.0,0.0,0.0,0.0,0.0,0.0
NM_014501_57,0.0,0.0,0.0,0.0,0.0,0.0
J30312_12,0.0,0.0,0.0,0.0,0.0,0.0
NM_0141763,0.0,0.0,0.0,0.0,0.0,0.0
NM_00635717,0.0,0.0,0.0,0.0,0.0,0.0
mrna-NM_004359_2,0.0,0.0,0.0,0.0,0.0,0.0
NM_00635779,0.0,0.0,0.0,0.0,0.0,0.0
NM_00334820,0.0,0.0,0.0,0.0,0.0,0.0
mrna-NM_003337_61,0.0,0.0,0.0,0.0,0.0,0.0
XM_371822_80,0.0,0.0,0.0,0.0,0.0,0.0
mrna-BD135193_58,0.0,0.0,0.0,0.0,0.0,0.0
NM_015213_61,0.0,0.0,0.0,0.0,0.0,0.0
NM_00255980,0.0,0.0,0.0,0.0,0.0,0.0
X759326,0.0,0.0,0.0,0.0,0.0,0.0
NM_004223_28,0.0,0.0,0.0,0.0,0.0,0.0
XM_371822_2,0.0,0.0,0.0,0.0,0.0,0.0
NM_015213_45,0.0,0.0,0.0,0.0,0.0,0.0
XM_371822_70,0.0,0.0,0.0,0.0,0.0,0.0
mrna-NM_003337_31,0.0,0.0,0.0,0.0,0.0,0.0
mrna-BD135193_23,0.0,0.0,0.0,0.0,0.0,0.0
U4729820,0.0,0.0,0.0,0.0,0.0,0.0
XM_371822_42,0.0,0.0,0.0,0.0,0.0,0.0
mrna-NM_003337_50,0.0,0.0,0.0,0.0,0.0,0.0
NM_00701916,0.0,0.0,0.0,0.0,0.0,0.0
mrna-NM_004359_12,0.0,0.0,0.0,0.0,0.0,0.0
mrna-NM_004359_56,0.0,0.0,0.0,0.0,0.0,0.0
U4729845,0.0,0.0,0.0,0.0,0.0,0.0
J30312_11,0.0,0.0,0.0,0.0,0.0,0.0
NM_016406_33,0.0,0.0,0.0,0.0,0.0,0.0
mrna-NM_003337_19,0.0,0.0,0.0,0.0,0.0,0.0
NM_003347_49,0.0,0.0,0.0,0.0,0.0,0.0
mrna-NM_003337_58,0.0,0.0,0.0,0.0,0.0,0.0
NM_00635714,0.0,0.0,0.0,0.0,0.0,0.0
NM_003345_9,0.0,0.0,0.0,0.0,0.0,0.0
NM_00635733,0.0,0.0,0.0,0.0,0.0,0.0
XM_371822_82,0.0,0.0,0.0,0.0,0.0,0.0
NM_015213_126,0.0,0.0,0.0,0.0,0.0,0.0
mrna-NM_003337_30,0.0,0.0,0.0,0.0,0.0,0.0
NM_015213_46,0.0,0.0,0.0,0.0,0.0,0.0
mrna-NM_003337_40,0.0,0.0,0.0,0.0,0.0,0.0
mrna-NM_004359_6,0.0,0.0,0.0,0.0,0.0,0.0
NM_0033488,0.0,0.0,0.0,0.0,0.0,0.0
NM_00545055,0.0,0.0,0.0,0.0,0.0,0.0
NM_0054506,0.0,0.0,0.0,0.0,0.0,0.0
NM_00255957,0.0,0.0,0.0,0.0,0.0,0.0
mrna-NM_003340_53,0.0,0.0,0.0,0.0,0.0,0.0
NM_00255936,0.0,0.0,0.0,0.0,0.0,0.0
mrna-BD135193_27,0.0,0.0,0.0,0.0,0.0,0.0
mrna-NM_003344_69,0.0,0.0,0.0,0.0,0.0,0.0
mrna-NM_004359_45,0.0,0.0,0.0,0.0,0.0,0.0
NM_015213_123,0.0,0.0,0.0,0.0,0.0,0.0
NM_00701975,0.0,0.0,0.0,0.0,0.0,0.0
NM_00635721,0.0,0.0,0.0,0.0,0.0,0.0
NM_01417667,0.0,0.0,0.0,0.0,0.0,0.0
NM_00545049,0.0,0.0,0.0,0.0,0.0,0.0
NM_00255973,0.0,0.0,0.0,0.0,0.0,0.0
U4729847,0.0,0.0,0.0,0.0,0.0,0.0
NM_00545035,0.0,0.0,0.0,0.0,0.0,0.0
NM_00701929,0.0,0.0,0.0,0.0,0.0,0.0
NM_014501_53,0.0,0.0,0.0,0.0,0.0,0.0
NM_003347_24,0.0,0.0,0.0,0.0,0.0,0.0
mrna-NM_003340_72,0.0,0.0,0.0,0.0,0.0,0.0
NM_014501_16,0.0,0.0,0.0,0.0,0.0,0.0
NM_00635759,0.0,0.0,0.0,0.0,0.0,0.0
J30312_17,0.0,0.0,0.0,0.0,0.0,0.0
NM_00334261,0.0,0.0,0.0,0.0,0.0,0.0
NM_003345_39,0.0,0.0,0.0,0.0,0.0,0.0
NM_0033482,0.0,0.0,0.0,0.0,0.0,0.0
NM_00701948,0.0,0.0,0.0,0.0,0.0,0.0
NM_00635724,0.0,0.0,0.0,0.0,0.0,0.0
NM_014501_23,0.0,0.0,0.0,0.0,0.0,0.0
NM_00334238,0.0,0.0,0.0,0.0,0.0,0.0
mrna-NM_003340_23,0.0,0.0,0.0,0.0,0.0,0.0
NM_00100148170,0.0,0.0,0.0,0.0,0.0,0.0
NM_00334829,0.0,0.0,0.0,0.0,0.0,0.0
NM_003345_35,0.0,0.0,0.0,0.0,0.0,0.0
NM_00334231,0.0,0.0,0.0,0.0,0.0,0.0
NM_00701915,0.0,0.0,0.0,0.0,0.0,0.0
mrna-NM_003344_64,0.0,0.0,0.0,0.0,0.0,0.0
NM_00255967,0.0,0.0,0.0,0.0,0.0,0.0
NM_015213_86,0.0,0.0,0.0,0.0,0.0,0.0
NM_014501_50,0.0,0.0,0.0,0.0,0.0,0.0
NM_00100148116,0.0,0.0,0.0,0.0,0.0,0.0
NM_0025593,0.0,0.0,0.0,0.0,0.0,0.0
NM_016406_55,0.0,0.0,0.0,0.0,0.0,0.0
mrna-NM_003340_4,0.0,0.0,0.0,0.0,0.0,0.0
NM_00255914,0.0,0.0,0.0,0.0,0.0,0.0
NM_00701913,0.0,0.0,0.0,0.0,0.0,0.0
mrna-BD135193_15,0.0,0.0,0.0,0.0,0.0,0.0
NM_015213_40,0.0,0.0,0.0,0.0,0.0,0.0
mrna-NM_003340_69,0.0,0.0,0.0,0.0,0.0,0.0
NM_01417674,0.0,0.0,0.0,0.0,0.0,0.0
NM_01602147,0.0,0.0,0.0,0.0,0.0,0.0
NM_015213_17,0.0,0.0,0.0,0.0,0.0,0.0
mrna-NM_003337_10,0.0,0.0,0.0,0.0,0.0,0.0
mrna-NM_003337_26,0.0,0.0,0.0,0.0,0.0,0.0
mrna-NM_003344_54,0.0,0.0,0.0,0.0,0.0,0.0
NM_015213_60,0.0,0.0,0.0,0.0,0.0,0.0
NM_014501_2,0.0,0.0,0.0,0.0,0.0,0.0
NM_00334840,0.0,0.0,0.0,0.0,0.0,0.0
mrna-NM_003337_11,0.0,0.0,0.0,0.0,0.0,0.0
mrna-NM_003340_66,0.0,0.0,0.0,0.0,0.0,0.0
mrna-NM_003337_44,0.0,0.0,0.0,0.0,0.0,0.0
NM_00545047,0.0,0.0,0.0,0.0,0.0,0.0
NM_003345_21,0.0,0.0,0.0,0.0,0.0,0.0
NM_003345_30,0.0,0.0,0.0,0.0,0.0,0.0
NM_00255984,0.0,0.0,0.0,0.0,0.0,0.0
NM_015213_69,0.0,0.0,0.0,0.0,0.0,0.0
U4729848,0.0,0.0,0.0,0.0,0.0,0.0
NM_00635728,0.0,0.0,0.0,0.0,0.0,0.0
mrna-NM_003344_12,0.0,0.0,0.0,0.0,0.0,0.0
mrna-NM_003337_67,0.0,0.0,0.0,0.0,0.0,0.0
NM_003347_3,0.0,0.0,0.0,0.0,0.0,0.0
NM_003345_36,0.0,0.0,0.0,0.0,0.0,0.0
NM_01417665,0.0,0.0,0.0,0.0,0.0,0.0
XM_371822_123,0.0,0.0,0.0,0.0,0.0,0.0
NM_00545012,0.0,0.0,0.0,0.0,0.0,0.0
NM_00334256,0.0,0.0,0.0,0.0,0.0,0.0
NM_00545013,0.0,0.0,0.0,0.0,0.0,0.0
NM_014501_32,0.0,0.0,0.0,0.0,0.0,0.0
mrna-NM_003337_5,0.0,0.0,0.0,0.0,0.0,0.0
XM_371822_93,0.0,0.0,0.0,0.0,0.0,0.0
NM_0020469,0.0,0.0,0.0,0.0,0.0,0.0
U4729836,0.0,0.0,0.0,0.0,0.0,0.0
NM_014501_1,0.0,0.0,0.0,0.0,0.0,0.0
NM_00635757,0.0,0.0,0.0,0.0,0.0,0.0
mrna-NM_003344_22,0.0,0.0,0.0,0.0,0.0,0.0
J30312_34,0.0,0.0,0.0,0.0,0.0,0.0
mrna-NM_003340_3,0.0,0.0,0.0,0.0,0.0,0.0
XM_371822_108,0.0,0.0,0.0,0.0,0.0,0.0
XM_371822_73,0.0,0.0,0.0,0.0,0.0,0.0
mrna-NM_004359_16,0.0,0.0,0.0,0.0,0.0,0.0
NM_00334864,0.0,0.0,0.0,0.0,0.0,0.0
NM_00255965,0.0,0.0,0.0,0.0,0.0,0.0
NM_0070195,0.0,0.0,0.0,0.0,0.0,0.0
NM_00635736,0.0,0.0,0.0,0.0,0.0,0.0
NM_003345_50,0.0,0.0,0.0,0.0,0.0,0.0
NM_003347_27,0.0,0.0,0.0,0.0,0.0,0.0
NM_015213_101,0.0,0.0,0.0,0.0,0.0,0.0
NM_016406_14,0.0,0.0,0.0,0.0,0.0,0.0
NM_014501_58,0.0,0.0,0.0,0.0,0.0,0.0
mrna-NM_004359_13,0.0,0.0,0.0,0.0,0.0,0.0
NM_00701944,0.0,0.0,0.0,0.0,0.0,0.0
mrna-NM_003337_36,0.0,0.0,0.0,0.0,0.0,0.0
NM_015213_112,0.0,0.0,0.0,0.0,0.0,0.0
NM_01602121,0.0,0.0,0.0,0.0,0.0,0.0
NM_00635769,0.0,0.0,0.0,0.0,0.0,0.0
XM_371822_12,0.0,0.0,0.0,0.0,0.0,0.0
NM_01602133,0.0,0.0,0.0,0.0,0.0,0.0
AH00149838,0.0,0.0,0.0,0.0,0.0,0.0
mrna-NM_003337_6,0.0,0.0,0.0,0.0,0.0,0.0
NM_01417637,0.0,0.0,0.0,0.0,0.0,0.0
NM_00100148162,0.0,0.0,0.0,0.0,0.0,0.0
mrna-NM_004359_36,0.0,0.0,0.0,0.0,0.0,0.0
mrna-NM_003340_86,0.0,0.0,0.0,0.0,0.0,0.0
NM_00701963,0.0,0.0,0.0,0.0,0.0,0.0
NM_0020467,0.0,0.0,0.0,0.0,0.0,0.0
NM_003345_46,0.0,0.0,0.0,0.0,0.0,0.0
NM_015213_4,0.0,0.0,0.0,0.0,0.0,0.0
NM_01417671,0.0,0.0,0.0,0.0,0.0,0.0
NM_004223_26,0.0,0.0,0.0,0.0,0.0,0.0
NM_00635712,0.0,0.0,0.0,0.0,0.0,0.0
U4729844,0.0,0.0,0.0,0.0,0.0,0.0
NM_016406_18,0.0,0.0,0.0,0.0,0.0,0.0
NM_004223_47,0.0,0.0,0.0,0.0,0.0,0.0
mrna-NM_003337_42,0.0,0.0,0.0,0.0,0.0,0.0
NM_00255913,0.0,0.0,0.0,0.0,0.0,0.0
mrna-NM_003344_5,0.0,0.0,0.0,0.0,0.0,0.0
J30312_35,0.0,0.0,0.0,0.0,0.0,0.0
mrna-NM_003340_44,0.0,0.0,0.0,0.0,0.0,0.0
NM_00635770,0.0,0.0,0.0,0.0,0.0,0.0
XM_371822_34,0.0,0.0,0.0,0.0,0.0,0.0
XM_371822_57,0.0,0.0,0.0,0.0,0.0,0.0
U4729826,0.0,0.0,0.0,0.0,0.0,0.0
U4729827,0.0,0.0,0.0,0.0,0.0,0.0
mrna-NM_003337_7,0.0,0.0,0.0,0.0,0.0,0.0
NM_01602126,0.0,0.0,0.0,0.0,0.0,0.0
NM_00701926,0.0,0.0,0.0,0.0,0.0,0.0
mrna-NM_003340_12,0.0,0.0,0.0,0.0,0.0,0.0
NM_00701934,0.0,0.0,0.0,0.0,0.0,0.0
NM_003345_2,0.0,0.0,0.0,0.0,0.0,0.0
NM_014501_48,0.0,0.0,0.0,0.0,0.0,0.0
NM_00334830,0.0,0.0,0.0,0.0,0.0,0.0
NM_00545031,0.0,0.0,0.0,0.0,0.0,0.0
mrna-NM_003340_58,0.0,0.0,0.0,0.0,0.0,0.0
mrna-NM_004359_44,0.0,0.0,0.0,0.0,0.0,0.0
NM_0070196,0.0,0.0,0.0,0.0,0.0,0.0
mrna-NM_003340_46,0.0,0.0,0.0,0.0,0.0,0.0
NM_00545011,0.0,0.0,0.0,0.0,0.0,0.0
NM_00334213,0.0,0.0,0.0,0.0,0.0,0.0
NM_00334249,0.0,0.0,0.0,0.0,0.0,0.0
mrna-NM_003340_79,0.0,0.0,0.0,0.0,0.0,0.0
NM_01417614,0.0,0.0,0.0,0.0,0.0,0.0
NM_00334827,0.0,0.0,0.0,0.0,0.0,0.0
mrna-NM_003340_38,0.0,0.0,0.0,0.0,0.0,0.0
U4729861,0.0,0.0,0.0,0.0,0.0,0.0
NM_003347_22,0.0,0.0,0.0,0.0,0.0,0.0
NM_015213_105,0.0,0.0,0.0,0.0,0.0,0.0
NM_003347_14,0.0,0.0,0.0,0.0,0.0,0.0
mrna-NM_004359_7,0.0,0.0,0.0,0.0,0.0,0.0
NM_004223_50,0.0,0.0,0.0,0.0,0.0,0.0
U4729816,0.0,0.0,0.0,0.0,0.0,0.0
mrna-NM_003340_9,0.0,0.0,0.0,0.0,0.0,0.0
NM_004223_4,0.0,0.0,0.0,0.0,0.0,0.0
NM_00635740,0.0,0.0,0.0,0.0,0.0,0.0
NM_00255976,0.0,0.0,0.0,0.0,0.0,0.0
AH00149827,0.0,0.0,0.0,0.0,0.0,0.0
NM_00334240,0.0,0.0,0.0,0.0,0.0,0.0
NM_01602122,0.0,0.0,0.0,0.0,0.0,0.0
XM_371822_141,0.0,0.0,0.0,0.0,0.0,0.0
NM_00334224,0.0,0.0,0.0,0.0,0.0,0.0
NM_00334845,0.0,0.0,0.0,0.0,0.0,0.0
mrna-NM_003337_27,0.0,0.0,0.0,0.0,0.0,0.0
mrna-BD135193_13,0.0,0.0,0.0,0.0,0.0,0.0
NM_014501_62,0.0,0.0,0.0,0.0,0.0,0.0
mrna-NM_003344_31,0.0,0.0,0.0,0.0,0.0,0.0
mrna-NM_003344_19,0.0,0.0,0.0,0.0,0.0,0.0
NM_0054502,0.0,0.0,0.0,0.0,0.0,0.0
NM_016406_44,0.0,0.0,0.0,0.0,0.0,0.0
XM_371822_116,0.0,0.0,0.0,0.0,0.0,0.0
mrna-NM_003337_3,0.0,0.0,0.0,0.0,0.0,0.0
NM_00255970,0.0,0.0,0.0,0.0,0.0,0.0
NM_014501_37,0.0,0.0,0.0,0.0,0.0,0.0
NM_0020466,0.0,0.0,0.0,0.0,0.0,0.0
NM_00334815,0.0,0.0,0.0,0.0,0.0,0.0
NM_016406_29,0.0,0.0,0.0,0.0,0.0,0.0
mrna-NM_003337_75,0.0,0.0,0.0,0.0,0.0,0.0
NM_00204617,0.0,0.0,0.0,0.0,0.0,0.0
XM_371822_19,0.0,0.0,0.0,0.0,0.0,0.0
XM_371822_25,0.0,0.0,0.0,0.0,0.0,0.0
NM_014501_7,0.0,0.0,0.0,0.0,0.0,0.0
XM_371822_103,0.0,0.0,0.0,0.0,0.0,0.0
mrna-NM_003340_1,0.0,0.0,0.0,0.0,0.0,0.0
mrna-NM_003337_25,0.0,0.0,0.0,0.0,0.0,0.0
mrna-NM_004359_5,0.0,0.0,0.0,0.0,0.0,0.0
NM_00545017,0.0,0.0,0.0,0.0,0.0,0.0
mrna-NM_003340_39,0.0,0.0,0.0,0.0,0.0,0.0
mrna-BD135193_9,0.0,0.0,0.0,0.0,0.0,0.0
NM_003347_48,0.0,0.0,0.0,0.0,0.0,0.0
NM_00334216,0.0,0.0,0.0,0.0,0.0,0.0
U47298119,0.0,0.0,0.0,0.0,0.0,0.0
AH00149812,0.0,0.0,0.0,0.0,0.0,0.0
NM_0025595,0.0,0.0,0.0,0.0,0.0,0.0
NM_0205481,0.0,0.0,0.0,0.0,0.0,0.0
NM_00204610,0.0,0.0,0.0,0.0,0.0,0.0
NM_00100148131,0.0,0.0,0.0,0.0,0.0,0.0
NM_01417643,0.0,0.0,0.0,0.0,0.0,0.0
NM_016406_8,0.0,0.0,0.0,0.0,0.0,0.0
NM_00545036,0.0,0.0,0.0,0.0,0.0,0.0
NM_00545027,0.0,0.0,0.0,0.0,0.0,0.0
U47298121,0.0,0.0,0.0,0.0,0.0,0.0
mrna-NM_003337_52,0.0,0.0,0.0,0.0,0.0,0.0
J30312_13,0.0,0.0,0.0,0.0,0.0,0.0
NM_00334879,0.0,0.0,0.0,0.0,0.0,0.0
mrna-NM_003340_25,0.0,0.0,0.0,0.0,0.0,0.0
U4729834,0.0,0.0,0.0,0.0,0.0,0.0
XM_371822_39,0.0,0.0,0.0,0.0,0.0,0.0
NM_003347_19,0.0,0.0,0.0,0.0,0.0,0.0
mrna-NM_003340_74,0.0,0.0,0.0,0.0,0.0,0.0
NM_00255945,0.0,0.0,0.0,0.0,0.0,0.0
NM_003347_43,0.0,0.0,0.0,0.0,0.0,0.0
XM_371822_113,0.0,0.0,0.0,0.0,0.0,0.0
NM_00334877,0.0,0.0,0.0,0.0,0.0,0.0
NM_015213_27,0.0,0.0,0.0,0.0,0.0,0.0
NM_015213_13,0.0,0.0,0.0,0.0,0.0,0.0
NM_00545058,0.0,0.0,0.0,0.0,0.0,0.0
J30312_28,0.0,0.0,0.0,0.0,0.0,0.0
mrna-NM_003344_46,0.0,0.0,0.0,0.0,0.0,0.0
U4729867,0.0,0.0,0.0,0.0,0.0,0.0
NM_00334859,0.0,0.0,0.0,0.0,0.0,0.0
mrna-NM_004359_8,0.0,0.0,0.0,0.0,0.0,0.0
NM_003345_8,0.0,0.0,0.0,0.0,0.0,0.0
NM_015213_102,0.0,0.0,0.0,0.0,0.0,0.0
NM_01602119,0.0,0.0,0.0,0.0,0.0,0.0
NM_00100148160,0.0,0.0,0.0,0.0,0.0,0.0
NM_00635756,0.0,0.0,0.0,0.0,0.0,0.0
NM_00545029,0.0,0.0,0.0,0.0,0.0,0.0
NM_016406_70,0.0,0.0,0.0,0.0,0.0,0.0
NM_00701921,0.0,0.0,0.0,0.0,0.0,0.0
mrna-BD135193_36,0.0,0.0,0.0,0.0,0.0,0.0
NM_00334272,0.0,0.0,0.0,0.0,0.0,0.0
U47298118,0.0,0.0,0.0,0.0,0.0,0.0
NM_00701971,0.0,0.0,0.0,0.0,0.0,0.0
NM_0160215,0.0,0.0,0.0,0.0,0.0,0.0
NM_00255933,0.0,0.0,0.0,0.0,0.0,0.0
NM_00334278,0.0,0.0,0.0,0.0,0.0,0.0
NM_015213_19,0.0,0.0,0.0,0.0,0.0,0.0
mrna-NM_003340_22,0.0,0.0,0.0,0.0,0.0,0.0
NM_003347_51,0.0,0.0,0.0,0.0,0.0,0.0
U4729890,0.0,0.0,0.0,0.0,0.0,0.0
NM_00545052,0.0,0.0,0.0,0.0,0.0,0.0
mrna-NM_003337_62,0.0,0.0,0.0,0.0,0.0,0.0
U4729872,0.0,0.0,0.0,0.0,0.0,0.0
NM_016406_4,0.0,0.0,0.0,0.0,0.0,0.0
NM_00255989,0.0,0.0,0.0,0.0,0.0,0.0
mrna-NM_003344_62,0.0,0.0,0.0,0.0,0.0,0.0
mrna-NM_003337_66,0.0,0.0,0.0,0.0,0.0,0.0
NM_003345_53,0.0,0.0,0.0,0.0,0.0,0.0
NM_004223_29,0.0,0.0,0.0,0.0,0.0,0.0
XM_371822_137,0.0,0.0,0.0,0.0,0.0,0.0
NM_015213_74,0.0,0.0,0.0,0.0,0.0,0.0
X759324,0.0,0.0,0.0,0.0,0.0,0.0
NM_00545070,0.0,0.0,0.0,0.0,0.0,0.0
NM_00255916,0.0,0.0,0.0,0.0,0.0,0.0
U4729865,0.0,0.0,0.0,0.0,0.0,0.0
NM_014501_64,0.0,0.0,0.0,0.0,0.0,0.0
AH0014983,0.0,0.0,0.0,0.0,0.0,0.0
mrna-NM_004359_49,0.0,0.0,0.0,0.0,0.0,0.0
XM_371822_117,0.0,0.0,0.0,0.0,0.0,0.0
NM_00334254,0.0,0.0,0.0,0.0,0.0,0.0
NM_014501_31,0.0,0.0,0.0,0.0,0.0,0.0
U4729818,0.0,0.0,0.0,0.0,0.0,0.0
NM_01602125,0.0,0.0,0.0,0.0,0.0,0.0
NM_016406_54,0.0,0.0,0.0,0.0,0.0,0.0
NM_00334215,0.0,0.0,0.0,0.0,0.0,0.0
NM_01417610,0.0,0.0,0.0,0.0,0.0,0.0
NM_00334833,0.0,0.0,0.0,0.0,0.0,0.0
NM_00100148174,0.0,0.0,0.0,0.0,0.0,0.0
mrna-BD135193_2,0.0,0.0,0.0,0.0,0.0,0.0
NM_00334251,0.0,0.0,0.0,0.0,0.0,0.0
NM_01417661,0.0,0.0,0.0,0.0,0.0,0.0
NM_00255927,0.0,0.0,0.0,0.0,0.0,0.0
XM_371822_120,0.0,0.0,0.0,0.0,0.0,0.0
NM_00701910,0.0,0.0,0.0,0.0,0.0,0.0
NM_00255928,0.0,0.0,0.0,0.0,0.0,0.0
NM_00635764,0.0,0.0,0.0,0.0,0.0,0.0
NM_003345_29,0.0,0.0,0.0,0.0,0.0,0.0
NM_00635745,0.0,0.0,0.0,0.0,0.0,0.0
NM_00635715,0.0,0.0,0.0,0.0,0.0,0.0
U47298109,0.0,0.0,0.0,0.0,0.0,0.0
NM_014501_20,0.0,0.0,0.0,0.0,0.0,0.0
XM_371822_97,0.0,0.0,0.0,0.0,0.0,0.0
NM_003347_25,0.0,0.0,0.0,0.0,0.0,0.0
NM_00701920,0.0,0.0,0.0,0.0,0.0,0.0
NM_004223_8,0.0,0.0,0.0,0.0,0.0,0.0
U4729821,0.0,0.0,0.0,0.0,0.0,0.0
NM_00255938,0.0,0.0,0.0,0.0,0.0,0.0
AH0014988,0.0,0.0,0.0,0.0,0.0,0.0
NM_00334255,0.0,0.0,0.0,0.0,0.0,0.0
NM_01417651,0.0,0.0,0.0,0.0,0.0,0.0
NM_003347_15,0.0,0.0,0.0,0.0,0.0,0.0
XM_371822_125,0.0,0.0,0.0,0.0,0.0,0.0
NM_003345_23,0.0,0.0,0.0,0.0,0.0,0.0
XM_371822_5,0.0,0.0,0.0,0.0,0.0,0.0
NM_016406_49,0.0,0.0,0.0,0.0,0.0,0.0
NM_004223_40,0.0,0.0,0.0,0.0,0.0,0.0
NM_00545019,0.0,0.0,0.0,0.0,0.0,0.0
NM_00334825,0.0,0.0,0.0,0.0,0.0,0.0
mrna-NM_003344_6,0.0,0.0,0.0,0.0,0.0,0.0
NM_00701967,0.0,0.0,0.0,0.0,0.0,0.0
NM_00545060,0.0,0.0,0.0,0.0,0.0,0.0
NM_00100148143,0.0,0.0,0.0,0.0,0.0,0.0
NM_00635750,0.0,0.0,0.0,0.0,0.0,0.0
NM_014501_12,0.0,0.0,0.0,0.0,0.0,0.0
NM_00100148155,0.0,0.0,0.0,0.0,0.0,0.0
mrna-NM_003337_77,0.0,0.0,0.0,0.0,0.0,0.0
J30312_21,0.0,0.0,0.0,0.0,0.0,0.0
NM_00334812,0.0,0.0,0.0,0.0,0.0,0.0
NM_003345_60,0.0,0.0,0.0,0.0,0.0,0.0
NM_015213_29,0.0,0.0,0.0,0.0,0.0,0.0
NM_004223_36,0.0,0.0,0.0,0.0,0.0,0.0
NM_015213_16,0.0,0.0,0.0,0.0,0.0,0.0
XM_371822_29,0.0,0.0,0.0,0.0,0.0,0.0
NM_015213_58,0.0,0.0,0.0,0.0,0.0,0.0
NM_00255949,0.0,0.0,0.0,0.0,0.0,0.0
U4729880,0.0,0.0,0.0,0.0,0.0,0.0
NM_004223_63,0.0,0.0,0.0,0.0,0.0,0.0
NM_00701938,0.0,0.0,0.0,0.0,0.0,0.0
mrna-NM_003340_26,0.0,0.0,0.0,0.0,0.0,0.0
NM_00334218,0.0,0.0,0.0,0.0,0.0,0.0
U4729883,0.0,0.0,0.0,0.0,0.0,0.0
mrna-NM_003340_37,0.0,0.0,0.0,0.0,0.0,0.0
NM_003345_20,0.0,0.0,0.0,0.0,0.0,0.0
NM_0054505,0.0,0.0,0.0,0.0,0.0,0.0
NM_00635773,0.0,0.0,0.0,0.0,0.0,0.0
NM_01602129,0.0,0.0,0.0,0.0,0.0,0.0
NM_00100148172,0.0,0.0,0.0,0.0,0.0,0.0
XM_371822_101,0.0,0.0,0.0,0.0,0.0,0.0
XM_371822_133,0.0,0.0,0.0,0.0,0.0,0.0
XM_371822_86,0.0,0.0,0.0,0.0,0.0,0.0
NM_016406_58,0.0,0.0,0.0,0.0,0.0,0.0
NM_00635737,0.0,0.0,0.0,0.0,0.0,0.0
mrna-BD135193_6,0.0,0.0,0.0,0.0,0.0,0.0
U4729814,0.0,0.0,0.0,0.0,0.0,0.0
XM_371822_9,0.0,0.0,0.0,0.0,0.0,0.0
NM_01417619,0.0,0.0,0.0,0.0,0.0,0.0
NM_003347_21,0.0,0.0,0.0,0.0,0.0,0.0
mrna-NM_004359_37,0.0,0.0,0.0,0.0,0.0,0.0
AH00149830,0.0,0.0,0.0,0.0,0.0,0.0
NM_00635763,0.0,0.0,0.0,0.0,0.0,0.0
NM_016406_7,0.0,0.0,0.0,0.0,0.0,0.0
NM_015213_75,0.0,0.0,0.0,0.0,0.0,0.0
NM_00334844,0.0,0.0,0.0,0.0,0.0,0.0
XM_371822_136,0.0,0.0,0.0,0.0,0.0,0.0
NM_015213_8,0.0,0.0,0.0,0.0,0.0,0.0
mrna-BD135193_31,0.0,0.0,0.0,0.0,0.0,0.0
NM_003345_61,0.0,0.0,0.0,0.0,0.0,0.0
NM_015213_51,0.0,0.0,0.0,0.0,0.0,0.0
NM_015213_9,0.0,0.0,0.0,0.0,0.0,0.0
NM_01602130,0.0,0.0,0.0,0.0,0.0,0.0
mrna-NM_003337_78,0.0,0.0,0.0,0.0,0.0,0.0
NM_01602138,0.0,0.0,0.0,0.0,0.0,0.0
NM_015213_110,0.0,0.0,0.0,0.0,0.0,0.0
mrna-NM_003340_62,0.0,0.0,0.0,0.0,0.0,0.0
NM_01417664,0.0,0.0,0.0,0.0,0.0,0.0
U47298116,0.0,0.0,0.0,0.0,0.0,0.0
NM_00701946,0.0,0.0,0.0,0.0,0.0,0.0
NM_00255915,0.0,0.0,0.0,0.0,0.0,0.0
U472969,0.0,0.0,0.0,0.0,0.0,0.0
XM_371822_99,0.0,0.0,0.0,0.0,0.0,0.0
NM_00100148171,0.0,0.0,0.0,0.0,0.0,0.0
mrna-NM_003344_33,0.0,0.0,0.0,0.0,0.0,0.0
XM_371822_118,0.0,0.0,0.0,0.0,0.0,0.0
U4729893,0.0,0.0,0.0,0.0,0.0,0.0
mrna-NM_003340_27,0.0,0.0,0.0,0.0,0.0,0.0
NM_014501_9,0.0,0.0,0.0,0.0,0.0,0.0
NM_00100148150,0.0,0.0,0.0,0.0,0.0,0.0
mrna-BD135193_41,0.0,0.0,0.0,0.0,0.0,0.0
U47298115,0.0,0.0,0.0,0.0,0.0,0.0
NM_003345_48,0.0,0.0,0.0,0.0,0.0,0.0
NM_00334225,0.0,0.0,0.0,0.0,0.0,0.0
mrna-NM_003344_60,0.0,0.0,0.0,0.0,0.0,0.0
NM_015213_91,0.0,0.0,0.0,0.0,0.0,0.0
NM_00255912,0.0,0.0,0.0,0.0,0.0,0.0
mrna-NM_003337_20,0.0,0.0,0.0,0.0,0.0,0.0
NM_01417672,0.0,0.0,0.0,0.0,0.0,0.0
NM_0054509,0.0,0.0,0.0,0.0,0.0,0.0
NM_014501_73,0.0,0.0,0.0,0.0,0.0,0.0
XM_371822_143,0.0,0.0,0.0,0.0,0.0,0.0
mrna-NM_003340_49,0.0,0.0,0.0,0.0,0.0,0.0
mrna-NM_003344_30,0.0,0.0,0.0,0.0,0.0,0.0
NM_01417641,0.0,0.0,0.0,0.0,0.0,0.0
NM_01602124,0.0,0.0,0.0,0.0,0.0,0.0
NM_0070192,0.0,0.0,0.0,0.0,0.0,0.0
mrna-NM_003337_56,0.0,0.0,0.0,0.0,0.0,0.0
NM_0010014818,0.0,0.0,0.0,0.0,0.0,0.0
NM_01417627,0.0,0.0,0.0,0.0,0.0,0.0
NM_003345_62,0.0,0.0,0.0,0.0,0.0,0.0
NM_003345_44,0.0,0.0,0.0,0.0,0.0,0.0
AH00149821,0.0,0.0,0.0,0.0,0.0,0.0
mrna-NM_003344_36,0.0,0.0,0.0,0.0,0.0,0.0
NM_014501_79,0.0,0.0,0.0,0.0,0.0,0.0
NM_00545059,0.0,0.0,0.0,0.0,0.0,0.0
NM_00635754,0.0,0.0,0.0,0.0,0.0,0.0
mrna-NM_003344_57,0.0,0.0,0.0,0.0,0.0,0.0
NM_0010014819,0.0,0.0,0.0,0.0,0.0,0.0
NM_00100148135,0.0,0.0,0.0,0.0,0.0,0.0
